;Q_1;Q_2;Q_3;Q_4;Q_5;Q_6;Q_7;S1;S_2;TransplantRootHullIndex;Encoding;
_SEEDS_011111111001111111111111111111111111000000000000000000000000000000000000000000000000000000000000000000000000000000000000000000000000000000000000000000100000000001111111111000000000001111000000000000000000000000000000000000000000000000000000000000000000000000000000000000000000000000000000000000000000000000000000000000000000000000000000000000000000000000000000000000000000000000000000000000000000000000000000000000000000000000000000000000000000000000000000000000000000000000000000000000000000000000000000000000000000000000000000000000000000000000000000000000000000000000000000000000000000000000000000011110000000000000000000000000000000000000000000000000000000000000000000000000000000000000000000000000000000000000000000000000000000000000000000000000111111111111111111111111111111111111000000000000000000000000000000000000000000000000000000000000000000000000000000000000000000000000000000000000000000-000000000099999aaaaa0llllopqrqropmn------------------------------------------------------------------------------------------------------------------000000000000000000000000000000000000000000000000000000000000000000000000000000000000000000000000000000000000000000000000000000000000000000000000000000------------------------------------------------------------------------------------------------------------------------------------------------------;1.0;0.08232142857142877;0.26192552593411134;0.9527024560504667;0.9696176142713162;0.149260117559017;0.5693045237310567;0.08232142857142877;0.08232142857142877;-1;111111111111111111110111111111111011000000000000000000000000000000000000000000000000000000000000000000000000000000000000000000000000000000000000000000000000000000000000000000000000000000000000000000000000000000000000000000000000000000000000000000000000000000000000000000000000000000000000000000000000100001111111000000011110010110100000000000000000000000000000000000000000000000000000000000000000000000000000000000000000000000000000000000000000000000010000100010000011000000000000001110000000000000000000000000000000000000000000000000000000000000000000000000000000000000000000000000000000000000000000000000000000000000000000000000000000000000000000000000000000000000000000000000000000000000000000000000000000000000000000000000000000000000000000000000111111111111111111111111111111111111000000000000000000000000000000000000000000000000000000000000000000000000000000000000000000000000000000000000000000-000000000099999aaaaa0llllopqrqropmn------------------------------------------------------------------------------------------------------------------000000000000000000000000000000000000000000000000000000000000000000000000000000000000000000000000000000000000000000000000000000000000000000000000000000------------------------------------------------------------------------------------------------------------------------------------------------------
_SEEDS_011111111001111111111111111111111111000000000000000000000000000000000000000000000000000000000000000000000000000000000000000000000000000000000000000000100000000001111111111000000000001111000000000000000000000000000000000000000000000000000000000000000000000000000000000000000000000000000000000000000000000000000000000000000000000000000000000000000000000000000000000000000000000000000000000000000000000000000000000000000000000000000000000000000000000000000000000000000000000000000000000000000000000000000000000000000000000000000000000000000000000000000000000000000000000000000000000000000000000000000000011110000000000000000000000000000000000000000000000000000000000000000000000000000000000000000000000000000000000000000000000000000000000000000000000000111111111111111111111111111111111111000000000000000000000000000000000000000000000000000000000000000000000000000000000000000000000000000000000000000000-000000000099999aaaaa0llllopqrqropmn------------------------------------------------------------------------------------------------------------------000000000000000000000000000000000000000000000000000000000000000000000000000000000000000000000000000000000000000000000000000000000000000000000000000000------------------------------------------------------------------------------------------------------------------------------------------------------;1.0;0.06819444444444467;0.16494159525080732;0.9445159677411912;0.9700267879023521;0.1136665461362661;0.5435575569125103;0.06819444444444467;0.06819444444444467;-1;111111111111111111111111111111111101000000000000000000000000000000000000000000000000000000000000000000000000000000000000000000000000000000000000000000000000000000000000000000000000000000000000000000000000000000000000000000000000000000000000000000000000000000000000000000000000000000000000000000000000101111011010111011111101111010000001000000000000000000000000000000000000000000000000000000000000000000000000000000000000000000000000000000000000000000011000011001000000000010001100011010000000000000000000000000000000000000000000000000000000000000000000000000000000000000000000000000000000000000000000000000000000000000000000000000000000000000000000000000000000000000000000000000000000000000000000000000000000000000000000000000000000000000000000000000111111111111111111111111111111111111000000000000000000000000000000000000000000000000000000000000000000000000000000000000000000000000000000000000000000-000000000099999aaaaa0llllopqrqropmn------------------------------------------------------------------------------------------------------------------000000000000000000000000000000000000000000000000000000000000000000000000000000000000000000000000000000000000000000000000000000000000000000000000000000------------------------------------------------------------------------------------------------------------------------------------------------------
_SEEDS_011111111001111111111111111111111111000000000000000000000000000000000000000000000000000000000000000000000000000000000000000000000000000000000000000000100000000001111111111000000000001111000000000000000000000000000000000000000000000000000000000000000000000000000000000000000000000000000000000000000000000000000000000000000000000000000000000000000000000000000000000000000000000000000000000000000000000000000000000000000000000000000000000000000000000000000000000000000000000000000000000000000000000000000000000000000000000000000000000000000000000000000000000000000000000000000000000000000000000000000000011110000000000000000000000000000000000000000000000000000000000000000000000000000000000000000000000000000000000000000000000000000000000000000000000000111111111111111111111111111111111111000000000000000000000000000000000000000000000000000000000000000000000000000000000000000000000000000000000000000000-000000000099999aaaaa0llllopqrqropmn------------------------------------------------------------------------------------------------------------------000000000000000000000000000000000000000000000000000000000000000000000000000000000000000000000000000000000000000000000000000000000000000000000000000000------------------------------------------------------------------------------------------------------------------------------------------------------;1.0;0.0736111111111113;0.1152624242166802;0.9610871577004503;0.9793466368889484;0.11159212909892866;0.5401499098360198;0.0736111111111113;0.0736111111111113;-1;111111111111111111111111111111111111000000000000000000000000000000000000000000000000000000000000000000000000000000000000000000000000000000000000000000000000000000000000000000000000000000000000000000000000000000000000000000000000000000000000000000000000000000000000000000000000000000000000000000000000111110001111100001001011101110011010000000000000000000000000000000000000000000000000000000000000000000000000000000000000000000000000000000000000000000010000000000001010101110000001100100000000000000000000000000000000000000000000000000000000000000000000000000000000000000000000000000000000000000000000000000000000000000000000000000000000000000000000000000000000000000000000000000000000000000000000000000000000000000000000000000000000000000000000000000111111111111111111111111111111111111000000000000000000000000000000000000000000000000000000000000000000000000000000000000000000000000000000000000000000-000000000099999aaaaa0llllopqrqropmn------------------------------------------------------------------------------------------------------------------000000000000000000000000000000000000000000000000000000000000000000000000000000000000000000000000000000000000000000000000000000000000000000000000000000------------------------------------------------------------------------------------------------------------------------------------------------------
_SEEDS_011111111001111111111111111111111111000000000000000000000000000000000000000000000000000000000000000000000000000000000000000000000000000000000000000000100000000001111111111000000000001111000000000000000000000000000000000000000000000000000000000000000000000000000000000000000000000000000000000000000000000000000000000000000000000000000000000000000000000000000000000000000000000000000000000000000000000000000000000000000000000000000000000000000000000000000000000000000000000000000000000000000000000000000000000000000000000000000000000000000000000000000000000000000000000000000000000000000000000000000000011110000000000000000000000000000000000000000000000000000000000000000000000000000000000000000000000000000000000000000000000000000000000000000000000000111111111111111111111111111111111111000000000000000000000000000000000000000000000000000000000000000000000000000000000000000000000000000000000000000000-000000000099999aaaaa0llllopqrqropmn------------------------------------------------------------------------------------------------------------------000000000000000000000000000000000000000000000000000000000000000000000000000000000000000000000000000000000000000000000000000000000000000000000000000000------------------------------------------------------------------------------------------------------------------------------------------------------;1.0;0.09250000000000003;0.1389325287691906;0.948586572542157;0.9712835239656998;0.11951475530846921;0.545136230097586;0.09250000000000003;0.09250000000000003;-1;111111111111011101111111111111111111000000000000000000000000000000000000000000000000000000000000000000000000000000000000000000000000000000000000000000000000000000000000000000000000000000000000000000000000000000000000000000000000000000000000000000000000000000000000000000000000000000000000000000000000011000100101101010111110000000001010000000000000000000000000000000000000000000000000000000000000000000000000000000000000000000000000000000000000000000110000000000000010000001010011010000000000000000000000000000000000000000000000000000000000000000000000000000000000000000000000000000000000000000000000000000000000000000000000000000000000000000000000000000000000000000000000000000000000000000000000000000000000000000000000000000000000000000000000000000111111111111111111111111111111111111000000000000000000000000000000000000000000000000000000000000000000000000000000000000000000000000000000000000000000-000000000099999aaaaa0llllopqrqropmn------------------------------------------------------------------------------------------------------------------000000000000000000000000000000000000000000000000000000000000000000000000000000000000000000000000000000000000000000000000000000000000000000000000000000------------------------------------------------------------------------------------------------------------------------------------------------------
_SEEDS_011111111001111111111111111111111111000000000000000000000000000000000000000000000000000000000000000000000000000000000000000000000000000000000000000000100000000001111111111000000000001111000000000000000000000000000000000000000000000000000000000000000000000000000000000000000000000000000000000000000000000000000000000000000000000000000000000000000000000000000000000000000000000000000000000000000000000000000000000000000000000000000000000000000000000000000000000000000000000000000000000000000000000000000000000000000000000000000000000000000000000000000000000000000000000000000000000000000000000000000000011110000000000000000000000000000000000000000000000000000000000000000000000000000000000000000000000000000000000000000000000000000000000000000000000000111111111111111111111111111111111111000000000000000000000000000000000000000000000000000000000000000000000000000000000000000000000000000000000000000000-000000000099999aaaaa0llllopqrqropmn------------------------------------------------------------------------------------------------------------------000000000000000000000000000000000000000000000000000000000000000000000000000000000000000000000000000000000000000000000000000000000000000000000000000000------------------------------------------------------------------------------------------------------------------------------------------------------;1.0;0.07626984126984115;0.07722559962389253;0.9370142597007922;0.967892262584213;0.12489932160829993;0.5305502141311732;0.07626984126984115;0.07626984126984115;-1;101111111111111111111111111111101111000000000000000000000000000000000000000000000000000000000000000000000000000000000000000000000000000000000000000000000000000000000000000000000000000000000000000000000000000000000000000000000000000000000000000000000000000000000000000000000000000000000000000000000000111011000001101100001000100100110001000000000000000000000000000000000000000000000000000000000000000000000000000000000000000000000000000000000000000000001100000111101010001000001001001100000000000000000000000000000000000000000000000000000000000000000000000000000000000000000000000000000000000000000000000000000000000000000000000000000000000000000000000000000000000000000000000000000000000000000000000000000000000000000000000000000000000000000000000000111111111111111111111111111111111111000000000000000000000000000000000000000000000000000000000000000000000000000000000000000000000000000000000000000000-000000000099999aaaaa0llllopqrqropmn------------------------------------------------------------------------------------------------------------------000000000000000000000000000000000000000000000000000000000000000000000000000000000000000000000000000000000000000000000000000000000000000000000000000000------------------------------------------------------------------------------------------------------------------------------------------------------
_SEEDS_011111111001111111111111111111111111000000000000000000000000000000000000000000000000000000000000000000000000000000000000000000000000000000000000000000100000000001111111111000000000001111000000000000000000000000000000000000000000000000000000000000000000000000000000000000000000000000000000000000000000000000000000000000000000000000000000000000000000000000000000000000000000000000000000000000000000000000000000000000000000000000000000000000000000000000000000000000000000000000000000000000000000000000000000000000000000000000000000000000000000000000000000000000000000000000000000000000000000000000000000011110000000000000000000000000000000000000000000000000000000000000000000000000000000000000000000000000000000000000000000000000000000000000000000000000111111111111111111111111111111111111000000000000000000000000000000000000000000000000000000000000000000000000000000000000000000000000000000000000000000-000000000099999aaaaa0llllopqrqropmn------------------------------------------------------------------------------------------------------------------000000000000000000000000000000000000000000000000000000000000000000000000000000000000000000000000000000000000000000000000000000000000000000000000000000------------------------------------------------------------------------------------------------------------------------------------------------------;1.0;0.07684523809523824;0.14417945187422276;0.9535469398287113;0.9767604475148248;0.10109184947718995;0.5420706544650311;0.07684523809523824;0.07684523809523824;-1;111111111111111111111111111111111111100000000000000000000000000000000000000000000000000000000000000000000000000000000000000000000000000000000000000000000000000000000000000000000000000000000000000000000000000000000000000000000000000000000000000000000000000000000000000000000000000000000000000000000000101011011011001100111001110000101010000000000000000000000000000000000000000000000000000000000000000000000000000000000000000000000000000000000000000000010000100100100000000000000000000000000000000000000000000000000000000000000000000000000000000000000000000000000000000000000000000000000000000000000000000000000000000000000000000000000000000000000000000000000000000000000000000000000000000000000000000000000000000000000000000000000000000000000000000000111111111111111111111111111111111111000000000000000000000000000000000000000000000000000000000000000000000000000000000000000000000000000000000000000000-000000000099999aaaaa0llllopqrqropmn------------------------------------------------------------------------------------------------------------------000000000000000000000000000000000000000000000000000000000000000000000000000000000000000000000000000000000000000000000000000000000000000000000000000000------------------------------------------------------------------------------------------------------------------------------------------------------
_SEEDS_011111111001111111111111111111111111000000000000000000000000000000000000000000000000000000000000000000000000000000000000000000000000000000000000000000100000000001111111111000000000001111000000000000000000000000000000000000000000000000000000000000000000000000000000000000000000000000000000000000000000000000000000000000000000000000000000000000000000000000000000000000000000000000000000000000000000000000000000000000000000000000000000000000000000000000000000000000000000000000000000000000000000000000000000000000000000000000000000000000000000000000000000000000000000000000000000000000000000000000000000011110000000000000000000000000000000000000000000000000000000000000000000000000000000000000000000000000000000000000000000000000000000000000000000000000111111111111111111111111111111111111000000000000000000000000000000000000000000000000000000000000000000000000000000000000000000000000000000000000000000-000000000099999aaaaa0llllopqrqropmn------------------------------------------------------------------------------------------------------------------000000000000000000000000000000000000000000000000000000000000000000000000000000000000000000000000000000000000000000000000000000000000000000000000000000------------------------------------------------------------------------------------------------------------------------------------------------------;1.0;0.07823412698412702;0.11813189989611428;0.9516877467979203;0.9786974613674657;0.09473459660628837;0.5369143052753192;0.07823412698412702;0.07823412698412702;-1;111111111111110111111111111111111111000000000000000000000000000000000000000000000000000000000000000000000000000000000000000000000000000000000000000000000000000000000000000000000000000000000000000000000000000000000000000000000000000000000000000000000000000000000000000000000000000000000000000000000000010011100101000001101111001010100010000000000000000000000000000000000000000000000000000000000000000000000000000000000000000000000000000000000000000000101001000000001010100000100110000000000000000000000000000000000000000000000000000000000000000000000000000000000000000000000000000000000000000000000000000000000000000000000000000000000000000000000000000000000000000000000000000000000000000000000000000000000000000000000000000000000000000000000000000000111111111111111111111111111111111111000000000000000000000000000000000000000000000000000000000000000000000000000000000000000000000000000000000000000000-000000000099999aaaaa0llllopqrqropmn------------------------------------------------------------------------------------------------------------------000000000000000000000000000000000000000000000000000000000000000000000000000000000000000000000000000000000000000000000000000000000000000000000000000000------------------------------------------------------------------------------------------------------------------------------------------------------
_SEEDS_011111111001111111111111111111111111000000000000000000000000000000000000000000000000000000000000000000000000000000000000000000000000000000000000000000100000000001111111111000000000001111000000000000000000000000000000000000000000000000000000000000000000000000000000000000000000000000000000000000000000000000000000000000000000000000000000000000000000000000000000000000000000000000000000000000000000000000000000000000000000000000000000000000000000000000000000000000000000000000000000000000000000000000000000000000000000000000000000000000000000000000000000000000000000000000000000000000000000000000000000011110000000000000000000000000000000000000000000000000000000000000000000000000000000000000000000000000000000000000000000000000000000000000000000000000111111111111111111111111111111111111000000000000000000000000000000000000000000000000000000000000000000000000000000000000000000000000000000000000000000-000000000099999aaaaa0llllopqrqropmn------------------------------------------------------------------------------------------------------------------000000000000000000000000000000000000000000000000000000000000000000000000000000000000000000000000000000000000000000000000000000000000000000000000000000------------------------------------------------------------------------------------------------------------------------------------------------------;1.0;0.08797619047619076;0.09663845502724877;0.9528866848676155;0.9797796390601269;0.09269404020949994;0.5349958349401136;0.08797619047619076;0.08797619047619076;-1;111111111101111111111111111111111111000000000000000000000000000000000000000000000000000000000000000000000000000000000000000000000000000000000000000000000000000000000000000000000000000000000000000000000000000000000000000000000000000000000000000000000000000000000000000000000000000000000000000000000000000101000110010111011101110000100110000000000000000000000000000000000000000000000000000000000000000000000000000000000000000000000000000000000000000000111100001000100000001010000000000000000000000000000000000000000000000000000000000000000000000000000000000000000000000000000000000000000000000000000000000000000000000000000000000000000000000000000000000000000000000000000000000000000000000000000000000000000000000000000000000000000000000000000000000000111111111111111111111111111111111111000000000000000000000000000000000000000000000000000000000000000000000000000000000000000000000000000000000000000000-000000000099999aaaaa0llllopqrqropmn------------------------------------------------------------------------------------------------------------------000000000000000000000000000000000000000000000000000000000000000000000000000000000000000000000000000000000000000000000000000000000000000000000000000000------------------------------------------------------------------------------------------------------------------------------------------------------
_SEEDS_011111111001111111111111111111111111000000000000000000000000000000000000000000000000000000000000000000000000000000000000000000000000000000000000000000100000000001111111111000000000001111000000000000000000000000000000000000000000000000000000000000000000000000000000000000000000000000000000000000000000000000000000000000000000000000000000000000000000000000000000000000000000000000000000000000000000000000000000000000000000000000000000000000000000000000000000000000000000000000000000000000000000000000000000000000000000000000000000000000000000000000000000000000000000000000000000000000000000000000000000011110000000000000000000000000000000000000000000000000000000000000000000000000000000000000000000000000000000000000000000000000000000000000000000000000111111111111111111111111111111111111000000000000000000000000000000000000000000000000000000000000000000000000000000000000000000000000000000000000000000-000000000099999aaaaa0llllopqrqropmn------------------------------------------------------------------------------------------------------------------000000000000000000000000000000000000000000000000000000000000000000000000000000000000000000000000000000000000000000000000000000000000000000000000000000------------------------------------------------------------------------------------------------------------------------------------------------------;1.0;0.0723412698412701;0.07710477927869241;0.9366426036481307;0.9737252259334453;0.07272017009180777;0.5220890081322244;0.0723412698412701;0.0723412698412701;-1;011111111111111111111111111111111111000000000000000000000000000000000000000000000000000000000000000000000000000000000000000000000000000000000000000000000000000000000000000000000000000000000000000000000000000000000000000000000000000000000000000000000000000000000000000000000000000000000000000000000000011101001100100000011000101001100101000000000000000000000000000000000000000000000000000000000000000000000000000000000000000000000000000000000000000000100010110111001000110001000000000001000000000000000000000000000000000000000000000000000000000000000000000000000000000000000000000000000000000000000000000000000000000000000000000000000000000000000000000000000000000000000000000000000000000000000000000000000000000000000000000000000000000000000000000000111111111111111111111111111111111111000000000000000000000000000000000000000000000000000000000000000000000000000000000000000000000000000000000000000000-000000000099999aaaaa0llllopqrqropmn------------------------------------------------------------------------------------------------------------------000000000000000000000000000000000000000000000000000000000000000000000000000000000000000000000000000000000000000000000000000000000000000000000000000000------------------------------------------------------------------------------------------------------------------------------------------------------
_SEEDS_011111111001111111111111111111111111000000000000000000000000000000000000000000000000000000000000000000000000000000000000000000000000000000000000000000100000000001111111111000000000001111000000000000000000000000000000000000000000000000000000000000000000000000000000000000000000000000000000000000000000000000000000000000000000000000000000000000000000000000000000000000000000000000000000000000000000000000000000000000000000000000000000000000000000000000000000000000000000000000000000000000000000000000000000000000000000000000000000000000000000000000000000000000000000000000000000000000000000000000000000011110000000000000000000000000000000000000000000000000000000000000000000000000000000000000000000000000000000000000000000000000000000000000000000000000111111111111111111111111111111111111000000000000000000000000000000000000000000000000000000000000000000000000000000000000000000000000000000000000000000-000000000099999aaaaa0llllopqrqropmn------------------------------------------------------------------------------------------------------------------000000000000000000000000000000000000000000000000000000000000000000000000000000000000000000000000000000000000000000000000000000000000000000000000000000------------------------------------------------------------------------------------------------------------------------------------------------------;1.0;0.07232142857142843;0.10431181306612014;0.9468331904735013;0.9764359954298703;0.11443809463859074;0.5357234203632518;0.07232142857142843;0.07232142857142843;-1;111111111101111111111111111111111111000000000000000000000000000000000000000000000000000000000000000000000000000000000000000000000000000000000000000000000000000000000000000000000000000000000000000000000000000000000000000000000000000000000000000000000000000000000000000000000000000000000000000000000000000100100110010110111110100010010110000000000000000000000000000000000000000000000000000000000000000000000000000000000000000000000000000000000000000000101100001010001000100001101110101000000000000000000000000000000000000000000000000000000000000000000000000000000000000000000000000000000000000000000000000000000000000000000000000000000000000000000000000000000000000000000000000000000000000000000000000000000000000000000000000000000000000000000000000000111111111111111111111111111111111111000000000000000000000000000000000000000000000000000000000000000000000000000000000000000000000000000000000000000000-000000000099999aaaaa0llllopqrqropmn------------------------------------------------------------------------------------------------------------------000000000000000000000000000000000000000000000000000000000000000000000000000000000000000000000000000000000000000000000000000000000000000000000000000000------------------------------------------------------------------------------------------------------------------------------------------------------
_SEEDS_011111111001111111111111111111111111000000000000000000000000000000000000000000000000000000000000000000000000000000000000000000000000000000000000000000100000000001111111111000000000001111000000000000000000000000000000000000000000000000000000000000000000000000000000000000000000000000000000000000000000000000000000000000000000000000000000000000000000000000000000000000000000000000000000000000000000000000000000000000000000000000000000000000000000000000000000000000000000000000000000000000000000000000000000000000000000000000000000000000000000000000000000000000000000000000000000000000000000000000000000011110000000000000000000000000000000000000000000000000000000000000000000000000000000000000000000000000000000000000000000000000000000000000000000000000111111111111111111111111111111111111000000000000000000000000000000000000000000000000000000000000000000000000000000000000000000000000000000000000000000-000000000099999aaaaa0llllopqrqropmn------------------------------------------------------------------------------------------------------------------000000000000000000000000000000000000000000000000000000000000000000000000000000000000000000000000000000000000000000000000000000000000000000000000000000------------------------------------------------------------------------------------------------------------------------------------------------------;1.0;0.08198412698412694;0.16882459426536323;0.9613460660098202;0.9797418738097164;0.08983344915972497;0.5469550183714587;0.08198412698412694;0.08198412698412694;-1;111111111111111111111111111111111111000000000000000000000000000000000000000000000000000000000000000000000000000000000000000000000000000000000000000000000000000000000000000000000000000000000000000000000000000000000000000000000000000000000000000000000000000000000000000000000000000000000000000000000000111010111110001100010001001110101010000000000000000000000000000000000000000000000000000000000000000000000000000000000000000000000000000000000000000000100010000000000000100000000001010000000000000000000000000000000000000000000000000000000000000000000000000000000000000000000000000000000000000000000000000000000000000000000000000000000000000000000000000000000000000000000000000000000000000000000000000000000000000000000000000000000000000000000000000000111111111111111111111111111111111111000000000000000000000000000000000000000000000000000000000000000000000000000000000000000000000000000000000000000000-000000000099999aaaaa0llllopqrqropmn------------------------------------------------------------------------------------------------------------------000000000000000000000000000000000000000000000000000000000000000000000000000000000000000000000000000000000000000000000000000000000000000000000000000000------------------------------------------------------------------------------------------------------------------------------------------------------
_SEEDS_011111111001111111111111111111111111000000000000000000000000000000000000000000000000000000000000000000000000000000000000000000000000000000000000000000100000000001111111111000000000001111000000000000000000000000000000000000000000000000000000000000000000000000000000000000000000000000000000000000000000000000000000000000000000000000000000000000000000000000000000000000000000000000000000000000000000000000000000000000000000000000000000000000000000000000000000000000000000000000000000000000000000000000000000000000000000000000000000000000000000000000000000000000000000000000000000000000000000000000000000011110000000000000000000000000000000000000000000000000000000000000000000000000000000000000000000000000000000000000000000000000000000000000000000000000111111111111111111111111111111111111000000000000000000000000000000000000000000000000000000000000000000000000000000000000000000000000000000000000000000-000000000099999aaaaa0llllopqrqropmn------------------------------------------------------------------------------------------------------------------000000000000000000000000000000000000000000000000000000000000000000000000000000000000000000000000000000000000000000000000000000000000000000000000000000------------------------------------------------------------------------------------------------------------------------------------------------------;1.0;0.08767857142857127;0.21183102819000077;0.9607684589475761;0.98051079171506;0.08759662166319794;0.5547309119907343;0.08767857142857127;0.08767857142857127;-1;111110111111111111111111111111111111100000000000000000000000000000000000000000000000000000000000000000000000000000000000000000000000000000000000000000000000000000000000000000000000001000000000000000000000000000000000000000000000000000000000000000000000000000000000000000000000000000000000000000000000101011010100010000001001101101100000000000000000000000000000000000000000000000000000000000000000000000000000000000000000000000000000000000000000000000000001001001001000000010010100000100000000000000000000000000000000000000000000000000000000000000000000000000000000000000000000000000000000000000000000000000000000000000000000000000000000000000000000000000000000000000000000000000000000000000000000000000000000000000000000000000000000000000000000000000111111111111111111111111111111111111000000000000000000000000000000000000000000000000000000000000000000000000000000000000000000000000000000000000000000-000000000099999aaaaa0llllopqrqropmn------------------------------------------------------------------------------------------------------------------000000000000000000000000000000000000000000000000000000000000000000000000000000000000000000000000000000000000000000000000000000000000000000000000000000------------------------------------------------------------------------------------------------------------------------------------------------------
_SEEDS_011111111001111111111111111111111111000000000000000000000000000000000000000000000000000000000000000000000000000000000000000000000000000000000000000000100000000001111111111000000000001111000000000000000000000000000000000000000000000000000000000000000000000000000000000000000000000000000000000000000000000000000000000000000000000000000000000000000000000000000000000000000000000000000000000000000000000000000000000000000000000000000000000000000000000000000000000000000000000000000000000000000000000000000000000000000000000000000000000000000000000000000000000000000000000000000000000000000000000000000000011110000000000000000000000000000000000000000000000000000000000000000000000000000000000000000000000000000000000000000000000000000000000000000000000000111111111111111111111111111111111111000000000000000000000000000000000000000000000000000000000000000000000000000000000000000000000000000000000000000000-000000000099999aaaaa0llllopqrqropmn------------------------------------------------------------------------------------------------------------------000000000000000000000000000000000000000000000000000000000000000000000000000000000000000000000000000000000000000000000000000000000000000000000000000000------------------------------------------------------------------------------------------------------------------------------------------------------;1.0;0.08279761904761906;0.08979679400070473;0.9510884129075564;0.9775733249682234;0.09062917956459482;0.5319808884147831;0.08279761904761906;0.08279761904761906;-1;111111011111111111111111111111111111000000000000000000000000000000000000000000000000000000000000000000000000000000000000000000000000000000000000000000000000000000000000000000000000000000000000000000000000000000000000000000000000000000000000000000000000000000000000000000000000000000000000000000000000110000110001111000100111000001010110000000000000000000000000000000000000000000000000000000000000000000000000000000000000000000000000000000000000000000011011000000000000010000100010011000000000000000000000000000000000000000000000000000000000000000000000000000000000000000000000000000000000000000000000000000000000000000000000000000000000000000000000000000000000000000000000000000000000000000000000000000000000000000000000000000000000000000000000000000111111111111111111111111111111111111000000000000000000000000000000000000000000000000000000000000000000000000000000000000000000000000000000000000000000-000000000099999aaaaa0llllopqrqropmn------------------------------------------------------------------------------------------------------------------000000000000000000000000000000000000000000000000000000000000000000000000000000000000000000000000000000000000000000000000000000000000000000000000000000------------------------------------------------------------------------------------------------------------------------------------------------------
_SEEDS_011111111001111111111111111111111111000000000000000000000000000000000000000000000000000000000000000000000000000000000000000000000000000000000000000000100000000001111111111000000000001111000000000000000000000000000000000000000000000000000000000000000000000000000000000000000000000000000000000000000000000000000000000000000000000000000000000000000000000000000000000000000000000000000000000000000000000000000000000000000000000000000000000000000000000000000000000000000000000000000000000000000000000000000000000000000000000000000000000000000000000000000000000000000000000000000000000000000000000000000000011110000000000000000000000000000000000000000000000000000000000000000000000000000000000000000000000000000000000000000000000000000000000000000000000000111111111111111111111111111111111111000000000000000000000000000000000000000000000000000000000000000000000000000000000000000000000000000000000000000000-000000000099999aaaaa0llllopqrqropmn------------------------------------------------------------------------------------------------------------------000000000000000000000000000000000000000000000000000000000000000000000000000000000000000000000000000000000000000000000000000000000000000000000000000000------------------------------------------------------------------------------------------------------------------------------------------------------;1.0;0.07900793650793658;0.25886939808010934;0.9586339126048455;0.9775522710691312;0.08267975074428865;0.559457211501052;0.07900793650793658;0.07900793650793658;-1;111111111111111111111111111111111111000000000000000000000000000000000000000000000000000000000000000000000000000000000000000000000000000000000000000000000000000000000000000000000000000000000000000000000000000000000000000000000000000000000000000000000000000000000000000000000000000000000000000000000000000101111001010011001110101110101101000000000000000000000000000000000000000000000000000000000000000000000000000000000000000000000000000000000000000000110010000110100101000001000000000010000000000000000000000000000000000000000000000000000000000000000000000000000000000000000000000000000000000000000000000000000000000000000000000000000000000000000000000000000000000000000000000000000000000000000000000000000000000000000000000000000000000000000000000000111111111111111111111111111111111111000000000000000000000000000000000000000000000000000000000000000000000000000000000000000000000000000000000000000000-000000000099999aaaaa0llllopqrqropmn------------------------------------------------------------------------------------------------------------------000000000000000000000000000000000000000000000000000000000000000000000000000000000000000000000000000000000000000000000000000000000000000000000000000000------------------------------------------------------------------------------------------------------------------------------------------------------
_SEEDS_011111111001111111111111111111111111000000000000000000000000000000000000000000000000000000000000000000000000000000000000000000000000000000000000000000100000000001111111111000000000001111000000000000000000000000000000000000000000000000000000000000000000000000000000000000000000000000000000000000000000000000000000000000000000000000000000000000000000000000000000000000000000000000000000000000000000000000000000000000000000000000000000000000000000000000000000000000000000000000000000000000000000000000000000000000000000000000000000000000000000000000000000000000000000000000000000000000000000000000000000011110000000000000000000000000000000000000000000000000000000000000000000000000000000000000000000000000000000000000000000000000000000000000000000000000111111111111111111111111111111111111000000000000000000000000000000000000000000000000000000000000000000000000000000000000000000000000000000000000000000-000000000099999aaaaa0llllopqrqropmn------------------------------------------------------------------------------------------------------------------000000000000000000000000000000000000000000000000000000000000000000000000000000000000000000000000000000000000000000000000000000000000000000000000000000------------------------------------------------------------------------------------------------------------------------------------------------------;1.0;0.08525793650793645;0.06289903628971538;0.942257039632019;0.9628068186241644;0.10948968148642738;0.5271184187567105;0.08525793650793645;0.08525793650793645;-1;111111111111111111011101111001011111000000000000000000000000000000000000000000000000000000000000000000000000000000000000000000000000000000000000000000000000000000000000000000000000000000000000000000000000000000000000000000000000000000000000000000000000000000000000000000000000000000000000000000000000100010111110010110010011000100101101000000000000000000000000000000000000000000000000000000000000000000000000000000000000000000000000000000000000000000100000000001000001101010011010110000000000000000000000000000000000000000000000000000000000000000000000000000000000000000000000000000000000000000000000000000000000000000000000000000000000000000000000000000000000000000000000000000000000000000000000000000000000000000000000000000000000000000000000000000111111111111111111111111111111111111000000000000000000000000000000000000000000000000000000000000000000000000000000000000000000000000000000000000000000-000000000099999aaaaa0llllopqrqropmn------------------------------------------------------------------------------------------------------------------000000000000000000000000000000000000000000000000000000000000000000000000000000000000000000000000000000000000000000000000000000000000000000000000000000------------------------------------------------------------------------------------------------------------------------------------------------------
_SEEDS_011111111001111111111111111111111111000000000000000000000000000000000000000000000000000000000000000000000000000000000000000000000000000000000000000000100000000001111111111000000000001111000000000000000000000000000000000000000000000000000000000000000000000000000000000000000000000000000000000000000000000000000000000000000000000000000000000000000000000000000000000000000000000000000000000000000000000000000000000000000000000000000000000000000000000000000000000000000000000000000000000000000000000000000000000000000000000000000000000000000000000000000000000000000000000000000000000000000000000000000000011110000000000000000000000000000000000000000000000000000000000000000000000000000000000000000000000000000000000000000000000000000000000000000000000000111111111111111111111111111111111111000000000000000000000000000000000000000000000000000000000000000000000000000000000000000000000000000000000000000000-000000000099999aaaaa0llllopqrqropmn------------------------------------------------------------------------------------------------------------------000000000000000000000000000000000000000000000000000000000000000000000000000000000000000000000000000000000000000000000000000000000000000000000000000000------------------------------------------------------------------------------------------------------------------------------------------------------;1.0;0.07499999999999996;0.11178928186543702;0.951907046219145;0.9748241692812102;0.07890808214525798;0.5320714299185084;0.07499999999999996;0.07499999999999996;-1;111111111111111111111111111111111111000000000000000000000000000000000000000000000000000000000000000000000000000000000000000000000000000000000000000000000000000000000000000000000000000000000000000000000000000000000000000000000000000000000000000000000000000000000000000000000000000000000000000000000000000110110000011001001100000100101101000000000000000000000000000000000000000000000000000000000000000000000000000000000000000000000000000000000000000000001001000000001110000111000011000000000000000000000000000000000000000000000000000000000000000000000000000000000000000000000000000000000000000000000000000000000000000000000000000000000000000000000000000000000000000000000000000000000000000000000000000000000000000000000000000000000000000000000000000000111111111111111111111111111111111111000000000000000000000000000000000000000000000000000000000000000000000000000000000000000000000000000000000000000000-000000000099999aaaaa0llllopqrqropmn------------------------------------------------------------------------------------------------------------------000000000000000000000000000000000000000000000000000000000000000000000000000000000000000000000000000000000000000000000000000000000000000000000000000000------------------------------------------------------------------------------------------------------------------------------------------------------
_SEEDS_011111111001111111111111111111111111000000000000000000000000000000000000000000000000000000000000000000000000000000000000000000000000000000000000000000100000000001111111111000000000001111000000000000000000000000000000000000000000000000000000000000000000000000000000000000000000000000000000000000000000000000000000000000000000000000000000000000000000000000000000000000000000000000000000000000000000000000000000000000000000000000000000000000000000000000000000000000000000000000000000000000000000000000000000000000000000000000000000000000000000000000000000000000000000000000000000000000000000000000000000011110000000000000000000000000000000000000000000000000000000000000000000000000000000000000000000000000000000000000000000000000000000000000000000000000111111111111111111111111111111111111000000000000000000000000000000000000000000000000000000000000000000000000000000000000000000000000000000000000000000-000000000099999aaaaa0llllopqrqropmn------------------------------------------------------------------------------------------------------------------000000000000000000000000000000000000000000000000000000000000000000000000000000000000000000000000000000000000000000000000000000000000000000000000000000------------------------------------------------------------------------------------------------------------------------------------------------------;1.0;0.08825396825396836;0.13974598231548296;0.9614738790718712;0.9771910356420811;0.09577140738830091;0.5437393787786174;0.08825396825396836;0.08825396825396836;-1;111110111111111111111111111111111111100000000000000000000000000000000000000000000000000000000000000000000000000000000000000000000000000000000000000000000000000000000000000000000000000000000000000000000000000000000000000000000000000000000000000000000000000000000000000000000000000000000000000000000000000001010110101011101000000011000011000000000000000000000000000000000000000000000000000000000000000000000000000000000000000000000000000000000000000000010100100000010000011101011010001010000000000000000000000000000000000000000000000000000000000000000000000000000000000000000000000000000000000000000000000000000000000000000000000000000000000000000000000000000000000000000000000000000000000000000000000000000000000000000000000000000000000000000000000000111111111111111111111111111111111111000000000000000000000000000000000000000000000000000000000000000000000000000000000000000000000000000000000000000000-000000000099999aaaaa0llllopqrqropmn------------------------------------------------------------------------------------------------------------------000000000000000000000000000000000000000000000000000000000000000000000000000000000000000000000000000000000000000000000000000000000000000000000000000000------------------------------------------------------------------------------------------------------------------------------------------------------
_SEEDS_011111111001111111111111111111111111000000000000000000000000000000000000000000000000000000000000000000000000000000000000000000000000000000000000000000100000000001111111111000000000001111000000000000000000000000000000000000000000000000000000000000000000000000000000000000000000000000000000000000000000000000000000000000000000000000000000000000000000000000000000000000000000000000000000000000000000000000000000000000000000000000000000000000000000000000000000000000000000000000000000000000000000000000000000000000000000000000000000000000000000000000000000000000000000000000000000000000000000000000000000011110000000000000000000000000000000000000000000000000000000000000000000000000000000000000000000000000000000000000000000000000000000000000000000000000111111111111111111111111111111111111000000000000000000000000000000000000000000000000000000000000000000000000000000000000000000000000000000000000000000-000000000099999aaaaa0llllopqrqropmn------------------------------------------------------------------------------------------------------------------000000000000000000000000000000000000000000000000000000000000000000000000000000000000000000000000000000000000000000000000000000000000000000000000000000------------------------------------------------------------------------------------------------------------------------------------------------------;1.0;0.08327380952380947;0.20047629005545364;0.9608494435484166;0.980678136449451;0.07792354354928925;0.5505335371877367;0.08327380952380947;0.08327380952380947;-1;111111111111111111111111111111111111000000000000000000000000000000000000000000000000000000000000000000000000000000000000000000000000000000000000000000000000000000000000000000000000000000000000000000000000000000000000000000000000000000000000000000000000000000000000000000000000000000000000000000000000000110011100100000000011000110100011000000000000000000000000000000000000000000000000000000000000000000000000000000000000000000000000000000000000000000001100000011010000100000000101001000000000000000000000000000000000000000000000000000000000000000000000000000000000000000000000000000000000000000000000000000000000000000000000000000000000000000000000000000000000000000000000000000000000000000000000000000000000000000000000000000000000000000000000000000111111111111111111111111111111111111000000000000000000000000000000000000000000000000000000000000000000000000000000000000000000000000000000000000000000-000000000099999aaaaa0llllopqrqropmn------------------------------------------------------------------------------------------------------------------000000000000000000000000000000000000000000000000000000000000000000000000000000000000000000000000000000000000000000000000000000000000000000000000000000------------------------------------------------------------------------------------------------------------------------------------------------------
_SEEDS_011111111001111111111111111111111111000000000000000000000000000000000000000000000000000000000000000000000000000000000000000000000000000000000000000000100000000001111111111000000000001111000000000000000000000000000000000000000000000000000000000000000000000000000000000000000000000000000000000000000000000000000000000000000000000000000000000000000000000000000000000000000000000000000000000000000000000000000000000000000000000000000000000000000000000000000000000000000000000000000000000000000000000000000000000000000000000000000000000000000000000000000000000000000000000000000000000000000000000000000000011110000000000000000000000000000000000000000000000000000000000000000000000000000000000000000000000000000000000000000000000000000000000000000000000000111111111111111111111111111111111111000000000000000000000000000000000000000000000000000000000000000000000000000000000000000000000000000000000000000000-000000000099999aaaaa0llllopqrqropmn------------------------------------------------------------------------------------------------------------------000000000000000000000000000000000000000000000000000000000000000000000000000000000000000000000000000000000000000000000000000000000000000000000000000000------------------------------------------------------------------------------------------------------------------------------------------------------;1.0;0.07132936507936505;0.10177106776694178;0.9488161283270532;0.9821299122105555;0.1155060473927135;0.5365920867961048;0.07132936507936505;0.07132936507936505;-1;111111111011111111111111111111111111000000000000000000000000000000000000000000000000000000000000000000000000000000000000000000000000000000000000000000000000000000000000000000000000000000000000000000000000000000000000000000000000000000000000000000000000000000000000000000000000000000000000000000000000110010010100001110011101000111001101000000000000000000000000000000000000000000000000000000000000000000000000000000000000000000000000000000000000000000001010111101000000110000000001010000000000000000000000000000000000000000000000000000000000000000000000000000000000000000000000000000000000000000000000000000000000000000000000000000000000000000000000000000000000000000000000000000000000000000000000000000000000000000000000000000000000000000000000000000111111111111111111111111111111111111000000000000000000000000000000000000000000000000000000000000000000000000000000000000000000000000000000000000000000-000000000099999aaaaa0llllopqrqropmn------------------------------------------------------------------------------------------------------------------000000000000000000000000000000000000000000000000000000000000000000000000000000000000000000000000000000000000000000000000000000000000000000000000000000------------------------------------------------------------------------------------------------------------------------------------------------------
_SEEDS_011111111001111111111111111111111111000000000000000000000000000000000000000000000000000000000000000000000000000000000000000000000000000000000000000000100000000001111111111000000000001111000000000000000000000000000000000000000000000000000000000000000000000000000000000000000000000000000000000000000000000000000000000000000000000000000000000000000000000000000000000000000000000000000000000000000000000000000000000000000000000000000000000000000000000000000000000000000000000000000000000000000000000000000000000000000000000000000000000000000000000000000000000000000000000000000000000000000000000000000000011110000000000000000000000000000000000000000000000000000000000000000000000000000000000000000000000000000000000000000000000000000000000000000000000000111111111111111111111111111111111111000000000000000000000000000000000000000000000000000000000000000000000000000000000000000000000000000000000000000000-000000000099999aaaaa0llllopqrqropmn------------------------------------------------------------------------------------------------------------------000000000000000000000000000000000000000000000000000000000000000000000000000000000000000000000000000000000000000000000000000000000000000000000000000000------------------------------------------------------------------------------------------------------------------------------------------------------;1.0;0.07753968253968258;0.09349881298977936;0.9532431261991312;0.9809351489959501;0.10655828989432552;0.5352958434364782;0.07753968253968258;0.07753968253968258;-1;111111111111111111011111111111111111000000000000000000000000000000000000000000000000000000000000000000000000000000000000000000000000000000000000000000000000000000000000000000000000000000000000000000000000000000000000000000000000000000000000000000000000000000000000000000000000000000000000000000000000010101010100001010001100000100010111000000000000000000000000000000000000000000000000000000000000000000000000000000000000000000000000000000000000000000000010101110101101100000000000000000000000000000000000000000000000000000000000000000000000000000000000000000000000000000000000000000000000000000000000000000000000000000000000000000000000000000000000000000000000000000000000000000000000000000000000000000000000000000000000000000000000000000000000000000111111111111111111111111111111111111000000000000000000000000000000000000000000000000000000000000000000000000000000000000000000000000000000000000000000-000000000099999aaaaa0llllopqrqropmn------------------------------------------------------------------------------------------------------------------000000000000000000000000000000000000000000000000000000000000000000000000000000000000000000000000000000000000000000000000000000000000000000000000000000------------------------------------------------------------------------------------------------------------------------------------------------------
_SEEDS_011111111001111111111111111111111111000000000000000000000000000000000000000000000000000000000000000000000000000000000000000000000000000000000000000000100000000001111111111000000000001111000000000000000000000000000000000000000000000000000000000000000000000000000000000000000000000000000000000000000000000000000000000000000000000000000000000000000000000000000000000000000000000000000000000000000000000000000000000000000000000000000000000000000000000000000000000000000000000000000000000000000000000000000000000000000000000000000000000000000000000000000000000000000000000000000000000000000000000000000000011110000000000000000000000000000000000000000000000000000000000000000000000000000000000000000000000000000000000000000000000000000000000000000000000000111111111111111111111111111111111111000000000000000000000000000000000000000000000000000000000000000000000000000000000000000000000000000000000000000000-000000000099999aaaaa0llllopqrqropmn------------------------------------------------------------------------------------------------------------------000000000000000000000000000000000000000000000000000000000000000000000000000000000000000000000000000000000000000000000000000000000000000000000000000000------------------------------------------------------------------------------------------------------------------------------------------------------;1.0;0.08244047619047612;0.14863469138627827;0.9619741568366628;0.9800128785227779;0.08381775316049242;0.5428133260161147;0.08244047619047612;0.08244047619047612;-1;111111111111111111111111111111111111000000000000000000000000000000000000000000000000000000000000000000000000000000000000000000000000000000000000000000000000000000000000000000000000000000000000000000000000000000000000000000000000000000000000000000000000000000000000000000000000000000000000000000000000110000100000010001100000100111001000000000000000000000000000000000000000000000000000000000000000000000000000000000000000000000000000000000000000000000000100000010100000011110101001010100000000000000000000000000000000000000000000000000000000000000000000000000000000000000000000000000000000000000000000000000000000000000000000000000000000000000000000000000000000000000000000000000000000000000000000000000000000000000000000000000000000000000000000000000111111111111111111111111111111111111000000000000000000000000000000000000000000000000000000000000000000000000000000000000000000000000000000000000000000-000000000099999aaaaa0llllopqrqropmn------------------------------------------------------------------------------------------------------------------000000000000000000000000000000000000000000000000000000000000000000000000000000000000000000000000000000000000000000000000000000000000000000000000000000------------------------------------------------------------------------------------------------------------------------------------------------------
_SEEDS_011111111001111111111111111111111111000000000000000000000000000000000000000000000000000000000000000000000000000000000000000000000000000000000000000000100000000001111111111000000000001111000000000000000000000000000000000000000000000000000000000000000000000000000000000000000000000000000000000000000000000000000000000000000000000000000000000000000000000000000000000000000000000000000000000000000000000000000000000000000000000000000000000000000000000000000000000000000000000000000000000000000000000000000000000000000000000000000000000000000000000000000000000000000000000000000000000000000000000000000000011110000000000000000000000000000000000000000000000000000000000000000000000000000000000000000000000000000000000000000000000000000000000000000000000000111111111111111111111111111111111111000000000000000000000000000000000000000000000000000000000000000000000000000000000000000000000000000000000000000000-000000000099999aaaaa0llllopqrqropmn------------------------------------------------------------------------------------------------------------------000000000000000000000000000000000000000000000000000000000000000000000000000000000000000000000000000000000000000000000000000000000000000000000000000000------------------------------------------------------------------------------------------------------------------------------------------------------;1.0;0.10374999999999968;0.15016907521728495;0.9552270502957002;0.9761302210461389;0.044065636098370366;0.538223663776249;0.10374999999999968;0.10374999999999968;-1;111111111111111111111111111111010111000000000000000000000000000000000000000000000000000000000000000000000000000000000000000000000000000000000000000000000000000000000000000000000000000000000000000000000000000000000000000000000000000000000000000000000000000000000000000000000000000000000000000000000000100000010000100001110010010100101001000000000000000000000000000000000000000000000000000000000000000000000000000000000000000000000000000000000000000000000100000000000000000100100000001001000000000000000000000000000000000000000000000000000000000000000000000000000000000000000000000000000000000000000000000000000000000000000000000000000000000000000000000000000000000000000000000000000000000000000000000000000000000000000000000000000000000000000000000000111111111111111111111111111111111111000000000000000000000000000000000000000000000000000000000000000000000000000000000000000000000000000000000000000000-000000000099999aaaaa0llllopqrqropmn------------------------------------------------------------------------------------------------------------------000000000000000000000000000000000000000000000000000000000000000000000000000000000000000000000000000000000000000000000000000000000000000000000000000000------------------------------------------------------------------------------------------------------------------------------------------------------
_SEEDS_011111111001111111111111111111111111000000000000000000000000000000000000000000000000000000000000000000000000000000000000000000000000000000000000000000100000000001111111111000000000001111000000000000000000000000000000000000000000000000000000000000000000000000000000000000000000000000000000000000000000000000000000000000000000000000000000000000000000000000000000000000000000000000000000000000000000000000000000000000000000000000000000000000000000000000000000000000000000000000000000000000000000000000000000000000000000000000000000000000000000000000000000000000000000000000000000000000000000000000000000011110000000000000000000000000000000000000000000000000000000000000000000000000000000000000000000000000000000000000000000000000000000000000000000000000111111111111111111111111111111111111000000000000000000000000000000000000000000000000000000000000000000000000000000000000000000000000000000000000000000-000000000099999aaaaa0llllopqrqropmn------------------------------------------------------------------------------------------------------------------000000000000000000000000000000000000000000000000000000000000000000000000000000000000000000000000000000000000000000000000000000000000000000000000000000------------------------------------------------------------------------------------------------------------------------------------------------------;1.0;0.0831547619047619;0.08283094126867152;0.9571443171319521;0.9744200201002863;0.09319915679131999;0.5317915328661653;0.0831547619047619;0.0831547619047619;-1;111111111111111111111111111111111111100000000000000000000000000000000000000000000000000000000000000000000000000000000000000000000000000000000000000000000000000000000000000000000000000000000000000000000000000000000000000000000000000000000000000000000000000000000000000000000000000000000000000000000000000100110101101010100000000000111001000000000000000000000000000000000000000000000000000000000000000000000000000000000000000000000000000000000000000000110010001000000000000101011011000110000000000000000000000000000000000000000000000000000000000000000000000000000000000000000000000000000000000000000000000000000000000000000000000000000000000000000000000000000000000000000000000000000000000000000000000000000000000000000000000000000000000000000000000000111111111111111111111111111111111111000000000000000000000000000000000000000000000000000000000000000000000000000000000000000000000000000000000000000000-000000000099999aaaaa0llllopqrqropmn------------------------------------------------------------------------------------------------------------------000000000000000000000000000000000000000000000000000000000000000000000000000000000000000000000000000000000000000000000000000000000000000000000000000000------------------------------------------------------------------------------------------------------------------------------------------------------
_SEEDS_011111111001111111111111111111111111000000000000000000000000000000000000000000000000000000000000000000000000000000000000000000000000000000000000000000100000000001111111111000000000001111000000000000000000000000000000000000000000000000000000000000000000000000000000000000000000000000000000000000000000000000000000000000000000000000000000000000000000000000000000000000000000000000000000000000000000000000000000000000000000000000000000000000000000000000000000000000000000000000000000000000000000000000000000000000000000000000000000000000000000000000000000000000000000000000000000000000000000000000000000011110000000000000000000000000000000000000000000000000000000000000000000000000000000000000000000000000000000000000000000000000000000000000000000000000111111111111111111111111111111111111000000000000000000000000000000000000000000000000000000000000000000000000000000000000000000000000000000000000000000-000000000099999aaaaa0llllopqrqropmn------------------------------------------------------------------------------------------------------------------000000000000000000000000000000000000000000000000000000000000000000000000000000000000000000000000000000000000000000000000000000000000000000000000000000------------------------------------------------------------------------------------------------------------------------------------------------------;1.0;0.0785515873015874;0.13247942342201113;0.9340355967290024;0.9689010511144518;0.15589974489915892;0.544977900577702;0.0785515873015874;0.0785515873015874;-1;101111111111111011111111111111111111100000000000000000000000000000000000000000000000000000000000000000000000000000000000000000000000000000000000000000000000000000000000000000000000000000000000000000000000000000000000000000000000000000000000000000000000000000000000000000000000000000000000000000000000110011010111100101111101101000100101000000000000000000000000000000000000000000000000000000000000000000000000000000000000000000000000000000000000000000010000100000011110000000000000000011000000000000000000000000000000000000000000000000000000000000000000000000000000000000000000000000000000000000000000000000000000000000000000000000000000000000000000000000000000000000000000000000000000000000000000000000000000000000000000000000000000000000000000000000111111111111111111111111111111111111000000000000000000000000000000000000000000000000000000000000000000000000000000000000000000000000000000000000000000-000000000099999aaaaa0llllopqrqropmn------------------------------------------------------------------------------------------------------------------000000000000000000000000000000000000000000000000000000000000000000000000000000000000000000000000000000000000000000000000000000000000000000000000000000------------------------------------------------------------------------------------------------------------------------------------------------------
_SEEDS_011111111001111111111111111111111111000000000000000000000000000000000000000000000000000000000000000000000000000000000000000000000000000000000000000000100000000001111111111000000000001111000000000000000000000000000000000000000000000000000000000000000000000000000000000000000000000000000000000000000000000000000000000000000000000000000000000000000000000000000000000000000000000000000000000000000000000000000000000000000000000000000000000000000000000000000000000000000000000000000000000000000000000000000000000000000000000000000000000000000000000000000000000000000000000000000000000000000000000000000000011110000000000000000000000000000000000000000000000000000000000000000000000000000000000000000000000000000000000000000000000000000000000000000000000000111111111111111111111111111111111111000000000000000000000000000000000000000000000000000000000000000000000000000000000000000000000000000000000000000000-000000000099999aaaaa0llllopqrqropmn------------------------------------------------------------------------------------------------------------------000000000000000000000000000000000000000000000000000000000000000000000000000000000000000000000000000000000000000000000000000000000000000000000000000000------------------------------------------------------------------------------------------------------------------------------------------------------;1.0;0.07878968253968255;0.15556699650835282;0.9622235375535609;0.980295004948836;0.0925740996136967;0.5449082201940215;0.07878968253968255;0.07878968253968255;-1;111111111111111111111111111111111111000000000000000000000000000000000000000000000000000000000000000000000000000000000000000000000000000000000000000000000000000000000000000000000000000000000000000000000000000000000000000000000000000000000000000000000000000000000000000000000000000000000000000000000000101100110110111101011100010100011100000000000000000000000000000000000000000000000000000000000000000000000000000000000000000000000000000000000000000000000100000010000000000000010010000000000000000000000000000000000000000000000000000000000000000000000000000000000000000000000000000000000000000000000000000000000000000000000000000000000000000000000000000000000000000000000000000000000000000000000000000000000000000000000000000000000000000000000000000000111111111111111111111111111111111111000000000000000000000000000000000000000000000000000000000000000000000000000000000000000000000000000000000000000000-000000000099999aaaaa0llllopqrqropmn------------------------------------------------------------------------------------------------------------------000000000000000000000000000000000000000000000000000000000000000000000000000000000000000000000000000000000000000000000000000000000000000000000000000000------------------------------------------------------------------------------------------------------------------------------------------------------
_SEEDS_011111111001111111111111111111111111000000000000000000000000000000000000000000000000000000000000000000000000000000000000000000000000000000000000000000100000000001111111111000000000001111000000000000000000000000000000000000000000000000000000000000000000000000000000000000000000000000000000000000000000000000000000000000000000000000000000000000000000000000000000000000000000000000000000000000000000000000000000000000000000000000000000000000000000000000000000000000000000000000000000000000000000000000000000000000000000000000000000000000000000000000000000000000000000000000000000000000000000000000000000011110000000000000000000000000000000000000000000000000000000000000000000000000000000000000000000000000000000000000000000000000000000000000000000000000111111111111111111111111111111111111000000000000000000000000000000000000000000000000000000000000000000000000000000000000000000000000000000000000000000-000000000099999aaaaa0llllopqrqropmn------------------------------------------------------------------------------------------------------------------000000000000000000000000000000000000000000000000000000000000000000000000000000000000000000000000000000000000000000000000000000000000000000000000000000------------------------------------------------------------------------------------------------------------------------------------------------------;1.0;0.08259920634920637;0.11429204248095093;0.9471119844543967;0.9733571281666221;0.0626705829802243;0.5300051574052335;0.08259920634920637;0.08259920634920637;-1;111111111111111111111111111111111111000000000000000000000000000000000000000000000000000000000000000000000000000000000000000000000000000000000000000000000000000000000000000000000000000000000000000000000000000000000000000000000000000000000000000000000000000000000000000000000000000000000000000000000000010010010110001101001110100100000010000000000000000000000000000000000000000000000000000000000000000000000000000000000000000000000000000000000000000000001000000000010010110000010000000000000000000000000000000000000000000000000000000000000000000000000000000000000000000000000000000000000000000000000000000000000000000000000000000000000000000000000000000000000000000000000000000000000000000000000000000000000000000000000000000000000000000000000000000000111111111111111111111111111111111111000000000000000000000000000000000000000000000000000000000000000000000000000000000000000000000000000000000000000000-000000000099999aaaaa0llllopqrqropmn------------------------------------------------------------------------------------------------------------------000000000000000000000000000000000000000000000000000000000000000000000000000000000000000000000000000000000000000000000000000000000000000000000000000000------------------------------------------------------------------------------------------------------------------------------------------------------
_SEEDS_011111111001111111111111111111111111000000000000000000000000000000000000000000000000000000000000000000000000000000000000000000000000000000000000000000100000000001111111111000000000001111000000000000000000000000000000000000000000000000000000000000000000000000000000000000000000000000000000000000000000000000000000000000000000000000000000000000000000000000000000000000000000000000000000000000000000000000000000000000000000000000000000000000000000000000000000000000000000000000000000000000000000000000000000000000000000000000000000000000000000000000000000000000000000000000000000000000000000000000000000011110000000000000000000000000000000000000000000000000000000000000000000000000000000000000000000000000000000000000000000000000000000000000000000000000111111111111111111111111111111111111000000000000000000000000000000000000000000000000000000000000000000000000000000000000000000000000000000000000000000-000000000099999aaaaa0llllopqrqropmn------------------------------------------------------------------------------------------------------------------000000000000000000000000000000000000000000000000000000000000000000000000000000000000000000000000000000000000000000000000000000000000000000000000000000------------------------------------------------------------------------------------------------------------------------------------------------------;1.0;0.10051587301587295;0.20442824615601596;0.9489133198917084;0.9653800871107373;0.10391549525760052;0.5538588369053226;0.10051587301587295;0.10051587301587295;-1;111111111110111011111111111110111101000000000000000000000000000000000000000000000000000000000000000000000000000000000000000000000000000000000000000000000000000000000000000000000000000000000000000000000000000000000000000000000000000000000000000000000000000000000000000000000000000000000000000000000000101000110100001101011000000011111110000000000000000000000000000000000000000000000000000000000000000000000000000000000000000000000000000000000000000000000100000011000000001000010100000010000000000000000000000000000000000000000000000000000000000000000000000000000000000000000000000000000000000000000000000000000000000000000000000000000000000000000000000000000000000000000000000000000000000000000000000000000000000000000000000000000000000000000000000000111111111111111111111111111111111111000000000000000000000000000000000000000000000000000000000000000000000000000000000000000000000000000000000000000000-000000000099999aaaaa0llllopqrqropmn------------------------------------------------------------------------------------------------------------------000000000000000000000000000000000000000000000000000000000000000000000000000000000000000000000000000000000000000000000000000000000000000000000000000000------------------------------------------------------------------------------------------------------------------------------------------------------
_SEEDS_011111111001111111111111111111111111000000000000000000000000000000000000000000000000000000000000000000000000000000000000000000000000000000000000000000100000000001111111111000000000001111000000000000000000000000000000000000000000000000000000000000000000000000000000000000000000000000000000000000000000000000000000000000000000000000000000000000000000000000000000000000000000000000000000000000000000000000000000000000000000000000000000000000000000000000000000000000000000000000000000000000000000000000000000000000000000000000000000000000000000000000000000000000000000000000000000000000000000000000000000011110000000000000000000000000000000000000000000000000000000000000000000000000000000000000000000000000000000000000000000000000000000000000000000000000111111111111111111111111111111111111000000000000000000000000000000000000000000000000000000000000000000000000000000000000000000000000000000000000000000-000000000099999aaaaa0llllopqrqropmn------------------------------------------------------------------------------------------------------------------000000000000000000000000000000000000000000000000000000000000000000000000000000000000000000000000000000000000000000000000000000000000000000000000000000------------------------------------------------------------------------------------------------------------------------------------------------------;1.0;0.08537698412698436;0.21598952521590775;0.9646967127104706;0.9810057919719792;0.0901208701265796;0.5561983140253203;0.08537698412698436;0.08537698412698436;-1;111111111111111111111111111111111111000000000000000000000000000000000000000000000000000000000000000000000000000000000000000000000000000000000000000000000000000000000000000000000000000000000000000000000000000000000000000000000000000000000000000000000000000000000000000000000000000000000000000000000000011100010111001001000000010000001010000000000000000000000000000000000000000000000000000000000000000000000000000000000000000000000000000000000000000000010010001100000110000000001001110000000000000000000000000000000000000000000000000000000000000000000000000000000000000000000000000000000000000000000000000000000000000000000000000000000000000000000000000000000000000000000000000000000000000000000000000000000000000000000000000000000000000000000000000000111111111111111111111111111111111111000000000000000000000000000000000000000000000000000000000000000000000000000000000000000000000000000000000000000000-000000000099999aaaaa0llllopqrqropmn------------------------------------------------------------------------------------------------------------------000000000000000000000000000000000000000000000000000000000000000000000000000000000000000000000000000000000000000000000000000000000000000000000000000000------------------------------------------------------------------------------------------------------------------------------------------------------
_SEEDS_011111111001111111111111111111111111000000000000000000000000000000000000000000000000000000000000000000000000000000000000000000000000000000000000000000100000000001111111111000000000001111000000000000000000000000000000000000000000000000000000000000000000000000000000000000000000000000000000000000000000000000000000000000000000000000000000000000000000000000000000000000000000000000000000000000000000000000000000000000000000000000000000000000000000000000000000000000000000000000000000000000000000000000000000000000000000000000000000000000000000000000000000000000000000000000000000000000000000000000000000011110000000000000000000000000000000000000000000000000000000000000000000000000000000000000000000000000000000000000000000000000000000000000000000000000111111111111111111111111111111111111000000000000000000000000000000000000000000000000000000000000000000000000000000000000000000000000000000000000000000-000000000099999aaaaa0llllopqrqropmn------------------------------------------------------------------------------------------------------------------000000000000000000000000000000000000000000000000000000000000000000000000000000000000000000000000000000000000000000000000000000000000000000000000000000------------------------------------------------------------------------------------------------------------------------------------------------------;1.0;0.07698412698412682;0.12312193986034303;0.9526342959585994;0.9801664398990586;0.09485591698235765;0.5379604532807475;0.07698412698412682;0.07698412698412682;-1;111111111101111111111111111111111111000000000000000000000000000000000000000000000000000000000000000000000000000000000000000000000000000000000000000000000000000000000000000000000000000000000000000000000000000000000000000000000000000000000000000000000000000000000000000000000000000000000000000000000000110110111000011010101110100100111000000000000000000000000000000000000000000000000000000000000000000000000000000000000000000000000000000000000000000000011000000010101000100000000000010100000000000000000000000000000000000000000000000000000000000000000000000000000000000000000000000000000000000000000000000000000000000000000000000000000000000000000000000000000000000000000000000000000000000000000000000000000000000000000000000000000000000000000000000000111111111111111111111111111111111111000000000000000000000000000000000000000000000000000000000000000000000000000000000000000000000000000000000000000000-000000000099999aaaaa0llllopqrqropmn------------------------------------------------------------------------------------------------------------------000000000000000000000000000000000000000000000000000000000000000000000000000000000000000000000000000000000000000000000000000000000000000000000000000000------------------------------------------------------------------------------------------------------------------------------------------------------
_SEEDS_011111111001111111111111111111111111000000000000000000000000000000000000000000000000000000000000000000000000000000000000000000000000000000000000000000100000000001111111111000000000001111000000000000000000000000000000000000000000000000000000000000000000000000000000000000000000000000000000000000000000000000000000000000000000000000000000000000000000000000000000000000000000000000000000000000000000000000000000000000000000000000000000000000000000000000000000000000000000000000000000000000000000000000000000000000000000000000000000000000000000000000000000000000000000000000000000000000000000000000000000011110000000000000000000000000000000000000000000000000000000000000000000000000000000000000000000000000000000000000000000000000000000000000000000000000111111111111111111111111111111111111000000000000000000000000000000000000000000000000000000000000000000000000000000000000000000000000000000000000000000-000000000099999aaaaa0llllopqrqropmn------------------------------------------------------------------------------------------------------------------000000000000000000000000000000000000000000000000000000000000000000000000000000000000000000000000000000000000000000000000000000000000000000000000000000------------------------------------------------------------------------------------------------------------------------------------------------------;1.0;0.08783730158730152;0.14799379829353498;0.967752437938134;0.9806163753086425;0.09043787225363481;0.5457729642302079;0.08783730158730152;0.08783730158730152;-1;111111111111111111111111111111101111100000000000000000000000000000000000000000000000000000000000000000000000000000000000000000000000000000000000000000000000000000000000000000000000000000000000000000000000000000000000000000000000000000000000000000000000000000000000000000000000000000000000000000000000010001010100011110100100010110010001000000000000000000000000000000000000000000000000000000000000000000000000000000000000000000000000000000000000000000000000010111000010010001000000010100000000000000000000000000000000000000000000000000000000000000000000000000000000000000000000000000000000000000000000000000000000000000000000000000000000000000000000000000000000000000000000000000000000000000000000000000000000000000000000000000000000000000000000000000111111111111111111111111111111111111000000000000000000000000000000000000000000000000000000000000000000000000000000000000000000000000000000000000000000-000000000099999aaaaa0llllopqrqropmn------------------------------------------------------------------------------------------------------------------000000000000000000000000000000000000000000000000000000000000000000000000000000000000000000000000000000000000000000000000000000000000000000000000000000------------------------------------------------------------------------------------------------------------------------------------------------------
_SEEDS_011111111001111111111111111111111111000000000000000000000000000000000000000000000000000000000000000000000000000000000000000000000000000000000000000000100000000001111111111000000000001111000000000000000000000000000000000000000000000000000000000000000000000000000000000000000000000000000000000000000000000000000000000000000000000000000000000000000000000000000000000000000000000000000000000000000000000000000000000000000000000000000000000000000000000000000000000000000000000000000000000000000000000000000000000000000000000000000000000000000000000000000000000000000000000000000000000000000000000000000000011110000000000000000000000000000000000000000000000000000000000000000000000000000000000000000000000000000000000000000000000000000000000000000000000000111111111111111111111111111111111111000000000000000000000000000000000000000000000000000000000000000000000000000000000000000000000000000000000000000000-000000000099999aaaaa0llllopqrqropmn------------------------------------------------------------------------------------------------------------------000000000000000000000000000000000000000000000000000000000000000000000000000000000000000000000000000000000000000000000000000000000000000000000000000000------------------------------------------------------------------------------------------------------------------------------------------------------;1.0;0.08416666666666672;0.09787064953554647;0.9502746807709777;0.9782236521411284;0.1095151776993171;0.5366751378022727;0.08416666666666672;0.08416666666666672;-1;111111111011011111111111111110111111000000000000000000000000000000000000000000000000000000000000000000000000000000000000000000000000000000000000000000000000000000000000000000000000000000000000000000000000000000000000000000000000000000000000000000000000000000000000000000000000000000000000000000000000001000101110101111000101010001101001000000000000000000000000000000000000000000000000000000000000000000000000000000000000000000000000000000000000000000000000100011000111001011001100010000000000000000000000000000000000000000000000000000000000000000000000000000000000000000000000000000000000000000000000000000000000000000000000000000000000000000000000000000000000000000000000000000000000000000000000000000000000000000000000000000000000000000000000000000111111111111111111111111111111111111000000000000000000000000000000000000000000000000000000000000000000000000000000000000000000000000000000000000000000-000000000099999aaaaa0llllopqrqropmn------------------------------------------------------------------------------------------------------------------000000000000000000000000000000000000000000000000000000000000000000000000000000000000000000000000000000000000000000000000000000000000000000000000000000------------------------------------------------------------------------------------------------------------------------------------------------------
_SEEDS_011111111001111111111111111111111111000000000000000000000000000000000000000000000000000000000000000000000000000000000000000000000000000000000000000000100000000001111111111000000000001111000000000000000000000000000000000000000000000000000000000000000000000000000000000000000000000000000000000000000000000000000000000000000000000000000000000000000000000000000000000000000000000000000000000000000000000000000000000000000000000000000000000000000000000000000000000000000000000000000000000000000000000000000000000000000000000000000000000000000000000000000000000000000000000000000000000000000000000000000000011110000000000000000000000000000000000000000000000000000000000000000000000000000000000000000000000000000000000000000000000000000000000000000000000000111111111111111111111111111111111111000000000000000000000000000000000000000000000000000000000000000000000000000000000000000000000000000000000000000000-000000000099999aaaaa0llllopqrqropmn------------------------------------------------------------------------------------------------------------------000000000000000000000000000000000000000000000000000000000000000000000000000000000000000000000000000000000000000000000000000000000000000000000000000000------------------------------------------------------------------------------------------------------------------------------------------------------;1.0;0.08525793650793656;0.1526138214963988;0.9574931826510774;0.9745454601779883;0.08370740591545549;0.5422696344581427;0.08525793650793656;0.08525793650793656;-1;111111111111111111111111111101111111000000000000000000000000000000000000000000000000000000000000000000000000000000000000000000000000000000000000000000000000000000000000000000000000000000000000000000000000000000000000000000000000000000000000000000000000000000000000000000000000000000000000000000000000011000010100000111010000100111100011000000000000000000000000000000000000000000000000000000000000000000000000000000000000000000000000000000000000000000000001000011010100100001000010001000000000000000000000000000000000000000000000000000000000000000000000000000000000000000000000000000000000000000000000000000000000000000000000000000000000000000000000000000000000000000000000000000000000000000000000000000000000000000000000000000000000000000000000000000111111111111111111111111111111111111000000000000000000000000000000000000000000000000000000000000000000000000000000000000000000000000000000000000000000-000000000099999aaaaa0llllopqrqropmn------------------------------------------------------------------------------------------------------------------000000000000000000000000000000000000000000000000000000000000000000000000000000000000000000000000000000000000000000000000000000000000000000000000000000------------------------------------------------------------------------------------------------------------------------------------------------------
_SEEDS_011111111001111111111111111111111111000000000000000000000000000000000000000000000000000000000000000000000000000000000000000000000000000000000000000000100000000001111111111000000000001111000000000000000000000000000000000000000000000000000000000000000000000000000000000000000000000000000000000000000000000000000000000000000000000000000000000000000000000000000000000000000000000000000000000000000000000000000000000000000000000000000000000000000000000000000000000000000000000000000000000000000000000000000000000000000000000000000000000000000000000000000000000000000000000000000000000000000000000000000000011110000000000000000000000000000000000000000000000000000000000000000000000000000000000000000000000000000000000000000000000000000000000000000000000000111111111111111111111111111111111111000000000000000000000000000000000000000000000000000000000000000000000000000000000000000000000000000000000000000000-000000000099999aaaaa0llllopqrqropmn------------------------------------------------------------------------------------------------------------------000000000000000000000000000000000000000000000000000000000000000000000000000000000000000000000000000000000000000000000000000000000000000000000000000000------------------------------------------------------------------------------------------------------------------------------------------------------;1.0;0.07357142857142851;0.09270440787663459;0.9521064879596288;0.9706765941514631;0.10356745010915054;0.5321043947780509;0.07357142857142851;0.07357142857142851;-1;111111111111111111111111111011111111000000000000000000000000000000000000000000000000000000000000000000000000000000000000000000000000000000000000000000000000000000000000000000000000000000000000000000000000000000000000000000000000000000000000000000000000000000000000000000000000000000000000000000000000111000011000010110010100101111010100000000000000000000000000000000000000000000000000000000000000000000000000000000000000000000000000000000000000000000000010110110000000100000000101101010000000000000000000000000000000000000000000000000000000000000000000000000000000000000000000000000000000000000000000000000000000000000000000000000000000000000000000000000000000000000000000000000000000000000000000000000000000000000000000000000000000000000000000000000111111111111111111111111111111111111000000000000000000000000000000000000000000000000000000000000000000000000000000000000000000000000000000000000000000-000000000099999aaaaa0llllopqrqropmn------------------------------------------------------------------------------------------------------------------000000000000000000000000000000000000000000000000000000000000000000000000000000000000000000000000000000000000000000000000000000000000000000000000000000------------------------------------------------------------------------------------------------------------------------------------------------------
_SEEDS_011111111001111111111111111111111111000000000000000000000000000000000000000000000000000000000000000000000000000000000000000000000000000000000000000000100000000001111111111000000000001111000000000000000000000000000000000000000000000000000000000000000000000000000000000000000000000000000000000000000000000000000000000000000000000000000000000000000000000000000000000000000000000000000000000000000000000000000000000000000000000000000000000000000000000000000000000000000000000000000000000000000000000000000000000000000000000000000000000000000000000000000000000000000000000000000000000000000000000000000000011110000000000000000000000000000000000000000000000000000000000000000000000000000000000000000000000000000000000000000000000000000000000000000000000000111111111111111111111111111111111111000000000000000000000000000000000000000000000000000000000000000000000000000000000000000000000000000000000000000000-000000000099999aaaaa0llllopqrqropmn------------------------------------------------------------------------------------------------------------------000000000000000000000000000000000000000000000000000000000000000000000000000000000000000000000000000000000000000000000000000000000000000000000000000000------------------------------------------------------------------------------------------------------------------------------------------------------;1.0;0.08271825396825394;0.18349146993535304;0.954150475742581;0.9806841492925819;0.0986657995857171;0.5499516914207478;0.08271825396825394;0.08271825396825394;-1;111111111111111110111111111111111111100000000000000000000000000000000000000000000000000000000000000000000000000000000000000000000000000000000000000000000000000000000000000000000000000000000000000000000000000000000000000000000000000000000000000000000000000000000000000000000000000000000000000000000000000100110010000010101111001110000000000000000000000000000000000000000000000000000000000000000000000000000000000000000000000000000000000000000000000000111000000101101001100000000001000110000000000000000000000000000000000000000000000000000000000000000000000000000000000000000000000000000000000000000000000000000000000000000000000000000000000000000000000000000000000000000000000000000000000000000000000000000000000000000000000000000000000000000000000000111111111111111111111111111111111111000000000000000000000000000000000000000000000000000000000000000000000000000000000000000000000000000000000000000000-000000000099999aaaaa0llllopqrqropmn------------------------------------------------------------------------------------------------------------------000000000000000000000000000000000000000000000000000000000000000000000000000000000000000000000000000000000000000000000000000000000000000000000000000000------------------------------------------------------------------------------------------------------------------------------------------------------
_SEEDS_011111111001111111111111111111111111000000000000000000000000000000000000000000000000000000000000000000000000000000000000000000000000000000000000000000100000000001111111111000000000001111000000000000000000000000000000000000000000000000000000000000000000000000000000000000000000000000000000000000000000000000000000000000000000000000000000000000000000000000000000000000000000000000000000000000000000000000000000000000000000000000000000000000000000000000000000000000000000000000000000000000000000000000000000000000000000000000000000000000000000000000000000000000000000000000000000000000000000000000000000011110000000000000000000000000000000000000000000000000000000000000000000000000000000000000000000000000000000000000000000000000000000000000000000000000111111111111111111111111111111111111000000000000000000000000000000000000000000000000000000000000000000000000000000000000000000000000000000000000000000-000000000099999aaaaa0llllopqrqropmn------------------------------------------------------------------------------------------------------------------000000000000000000000000000000000000000000000000000000000000000000000000000000000000000000000000000000000000000000000000000000000000000000000000000000------------------------------------------------------------------------------------------------------------------------------------------------------;1.0;0.08611111111111103;0.10613026716608387;0.9374949690739165;0.9673972252451752;0.12232543220906651;0.5365765008008923;0.08611111111111103;0.08611111111111103;-1;111111101111110111111111111111011110100000000000000000000000000000000000000000000000000000000000000000000000000000000000000000000000000000000000000000000000000000000000000000000000000000000000000000000000000000000000000000000000000000000000000000000000000000000000000000000000000000000000000000000000100001010000000101011010100111111011000000000000000000000000000000000000000000000000000000000000000000000000000000000000000000000000000000000000000000101000110101001000100101001000000000000000000000000000000000000000000000000000000000000000000000000000000000000000000000000000000000000000000000000000000000000000000000000000000000000000000000000000000000000000000000000000000000000000000000000000000000000000000000000000000000000000000000000000000000111111111111111111111111111111111111000000000000000000000000000000000000000000000000000000000000000000000000000000000000000000000000000000000000000000-000000000099999aaaaa0llllopqrqropmn------------------------------------------------------------------------------------------------------------------000000000000000000000000000000000000000000000000000000000000000000000000000000000000000000000000000000000000000000000000000000000000000000000000000000------------------------------------------------------------------------------------------------------------------------------------------------------
_SEEDS_011111111001111111111111111111111111000000000000000000000000000000000000000000000000000000000000000000000000000000000000000000000000000000000000000000100000000001111111111000000000001111000000000000000000000000000000000000000000000000000000000000000000000000000000000000000000000000000000000000000000000000000000000000000000000000000000000000000000000000000000000000000000000000000000000000000000000000000000000000000000000000000000000000000000000000000000000000000000000000000000000000000000000000000000000000000000000000000000000000000000000000000000000000000000000000000000000000000000000000000000011110000000000000000000000000000000000000000000000000000000000000000000000000000000000000000000000000000000000000000000000000000000000000000000000000111111111111111111111111111111111111000000000000000000000000000000000000000000000000000000000000000000000000000000000000000000000000000000000000000000-000000000099999aaaaa0llllopqrqropmn------------------------------------------------------------------------------------------------------------------000000000000000000000000000000000000000000000000000000000000000000000000000000000000000000000000000000000000000000000000000000000000000000000000000000------------------------------------------------------------------------------------------------------------------------------------------------------;1.0;0.07623015873015848;0.16533526958691924;0.9500356411358466;0.9743459158080882;0.1000095383199025;0.5443260872634859;0.07623015873015848;0.07623015873015848;-1;111111111111111111111111101111111111000000000000000000000000000000000000000000000000000000000000000000000000000000000000000000000000000000000000000000000000000000000000000000000000000000000000000000000000000000000000000000000000000000000000000000000000000000000000000000000000000000000000000000000000011011110010011100000011010001010001000000000000000000000000000000000000000000000000000000000000000000000000000000000000000000000000000000000000000000010000011111100000000000000111000011000000000000000000000000000000000000000000000000000000000000000000000000000000000000000000000000000000000000000000000000000000000000000000000000000000000000000000000000000000000000000000000000000000000000000000000000000000000000000000000000000000000000000000000000111111111111111111111111111111111111000000000000000000000000000000000000000000000000000000000000000000000000000000000000000000000000000000000000000000-000000000099999aaaaa0llllopqrqropmn------------------------------------------------------------------------------------------------------------------000000000000000000000000000000000000000000000000000000000000000000000000000000000000000000000000000000000000000000000000000000000000000000000000000000------------------------------------------------------------------------------------------------------------------------------------------------------
_SEEDS_011111111001111111111111111111111111000000000000000000000000000000000000000000000000000000000000000000000000000000000000000000000000000000000000000000100000000001111111111000000000001111000000000000000000000000000000000000000000000000000000000000000000000000000000000000000000000000000000000000000000000000000000000000000000000000000000000000000000000000000000000000000000000000000000000000000000000000000000000000000000000000000000000000000000000000000000000000000000000000000000000000000000000000000000000000000000000000000000000000000000000000000000000000000000000000000000000000000000000000000000011110000000000000000000000000000000000000000000000000000000000000000000000000000000000000000000000000000000000000000000000000000000000000000000000000111111111111111111111111111111111111000000000000000000000000000000000000000000000000000000000000000000000000000000000000000000000000000000000000000000-000000000099999aaaaa0llllopqrqropmn------------------------------------------------------------------------------------------------------------------000000000000000000000000000000000000000000000000000000000000000000000000000000000000000000000000000000000000000000000000000000000000000000000000000000------------------------------------------------------------------------------------------------------------------------------------------------------;1.0;0.07968253968254002;0.15379985404123342;0.9590310791249216;0.9803842739316861;0.08863119048564011;0.5435881562110035;0.07968253968254002;0.07968253968254002;-1;111111111111111111111111111111111111000000000000000000000000000000000000000000000000000000000000000000000000000000000000000000000000000000000000000000000000000000000000000000000000000010000000000000000000000000000000000000000000000000000000000000000000000000000000000000000000000000000000000000000000010000010001101100001000000010000101000000000000000000000000000000000000000000000000000000000000000000000000000000000000000000000000000000000000000000100010001110000110100101000000000000000000000000000000000000000000000000000000000000000000000000000000000000000000000000000000000000000000000000000000000000000000000000000000000000000000000000000000000000000000000000000000000000000000000000000000000000000000000000000000000000000000000000000000000000111111111111111111111111111111111111000000000000000000000000000000000000000000000000000000000000000000000000000000000000000000000000000000000000000000-000000000099999aaaaa0llllopqrqropmn------------------------------------------------------------------------------------------------------------------000000000000000000000000000000000000000000000000000000000000000000000000000000000000000000000000000000000000000000000000000000000000000000000000000000------------------------------------------------------------------------------------------------------------------------------------------------------
_SEEDS_011111111001111111111111111111111111000000000000000000000000000000000000000000000000000000000000000000000000000000000000000000000000000000000000000000100000000001111111111000000000001111000000000000000000000000000000000000000000000000000000000000000000000000000000000000000000000000000000000000000000000000000000000000000000000000000000000000000000000000000000000000000000000000000000000000000000000000000000000000000000000000000000000000000000000000000000000000000000000000000000000000000000000000000000000000000000000000000000000000000000000000000000000000000000000000000000000000000000000000000000011110000000000000000000000000000000000000000000000000000000000000000000000000000000000000000000000000000000000000000000000000000000000000000000000000111111111111111111111111111111111111000000000000000000000000000000000000000000000000000000000000000000000000000000000000000000000000000000000000000000-000000000099999aaaaa0llllopqrqropmn------------------------------------------------------------------------------------------------------------------000000000000000000000000000000000000000000000000000000000000000000000000000000000000000000000000000000000000000000000000000000000000000000000000000000------------------------------------------------------------------------------------------------------------------------------------------------------;1.0;0.07853174603174606;0.15919044006270922;0.9557866073036954;0.9802528663061576;0.07345572452753256;0.5412028973719735;0.07853174603174606;0.07853174603174606;-1;111111111111111111111111111111111111000000000000000000000000000000000000000000000000000000000000000000000000000000000000000000000000000000000000000000000000000000000000000000000000000000000000000000000000000000000000000000000000000000000000000000000000000000000000000000000000000000000000000000000000010100100011010000110000100010011110000000000000000000000000000000000000000000000000000000000000000000000000000000000000000000000000000000000000000000000010001001000100010011000000000001000000000000000000000000000000000000000000000000000000000000000000000000000000000000000000000000000000000000000000000000000000000000000000000000000000000000000000000000000000000000000000000000000000000000000000000000000000000000000000000000000000000000000000000000111111111111111111111111111111111111000000000000000000000000000000000000000000000000000000000000000000000000000000000000000000000000000000000000000000-000000000099999aaaaa0llllopqrqropmn------------------------------------------------------------------------------------------------------------------000000000000000000000000000000000000000000000000000000000000000000000000000000000000000000000000000000000000000000000000000000000000000000000000000000------------------------------------------------------------------------------------------------------------------------------------------------------
_SEEDS_011111111001111111111111111111111111000000000000000000000000000000000000000000000000000000000000000000000000000000000000000000000000000000000000000000100000000001111111111000000000001111000000000000000000000000000000000000000000000000000000000000000000000000000000000000000000000000000000000000000000000000000000000000000000000000000000000000000000000000000000000000000000000000000000000000000000000000000000000000000000000000000000000000000000000000000000000000000000000000000000000000000000000000000000000000000000000000000000000000000000000000000000000000000000000000000000000000000000000000000000011110000000000000000000000000000000000000000000000000000000000000000000000000000000000000000000000000000000000000000000000000000000000000000000000000111111111111111111111111111111111111000000000000000000000000000000000000000000000000000000000000000000000000000000000000000000000000000000000000000000-000000000099999aaaaa0llllopqrqropmn------------------------------------------------------------------------------------------------------------------000000000000000000000000000000000000000000000000000000000000000000000000000000000000000000000000000000000000000000000000000000000000000000000000000000------------------------------------------------------------------------------------------------------------------------------------------------------;1.0;0.07609126984127002;0.1037061367390838;0.9459775926251899;0.9745315783979358;0.10944921826026818;0.5349592993106246;0.07609126984127002;0.07609126984127002;-1;111111111111111111101111111111111111000000000000000000000000000000000000000000000000000000000000000000000000000000000000000000000000000000000000000000000000000000000000000000000000000000000000000000000000000000000000000000000000000000000000000000000000000000000000000000000000000000000000000000000000100100100100010111110001011100101001000000000000000000000000000000000000000000000000000000000000000000000000000000000000000000000000000000000000000000010001010111100000011010010000001110000000000000000000000000000000000000000000000000000000000000000000000000000000000000000000000000000000000000000000000000000000000000000000000000000000000000000000000000000000000000000000000000000000000000000000000000000000000000000000000000000000000000000000000000111111111111111111111111111111111111000000000000000000000000000000000000000000000000000000000000000000000000000000000000000000000000000000000000000000-000000000099999aaaaa0llllopqrqropmn------------------------------------------------------------------------------------------------------------------000000000000000000000000000000000000000000000000000000000000000000000000000000000000000000000000000000000000000000000000000000000000000000000000000000------------------------------------------------------------------------------------------------------------------------------------------------------
_SEEDS_011111111001111111111111111111111111000000000000000000000000000000000000000000000000000000000000000000000000000000000000000000000000000000000000000000100000000001111111111000000000001111000000000000000000000000000000000000000000000000000000000000000000000000000000000000000000000000000000000000000000000000000000000000000000000000000000000000000000000000000000000000000000000000000000000000000000000000000000000000000000000000000000000000000000000000000000000000000000000000000000000000000000000000000000000000000000000000000000000000000000000000000000000000000000000000000000000000000000000000000000011110000000000000000000000000000000000000000000000000000000000000000000000000000000000000000000000000000000000000000000000000000000000000000000000000111111111111111111111111111111111111000000000000000000000000000000000000000000000000000000000000000000000000000000000000000000000000000000000000000000-000000000099999aaaaa0llllopqrqropmn------------------------------------------------------------------------------------------------------------------000000000000000000000000000000000000000000000000000000000000000000000000000000000000000000000000000000000000000000000000000000000000000000000000000000------------------------------------------------------------------------------------------------------------------------------------------------------;1.0;0.08785714285714297;0.10300897538101028;0.9431475161418627;0.9733436227600357;0.12444483933418973;0.5386336827457069;0.08785714285714297;0.08785714285714297;-1;110111111111011111111111111011111111000000000000000000000000000000000000000000000000000000000000000000000000000000000000000000000000000000000000000000000000000000000000000000000000000000000000000000000000000000000000000000000000000000000000000000000000000000000000000000000000000000000000000000000000100010011010010110110100100111010000000000000000000000000000000000000000000000000000000000000000000000000000000000000000000000000000000000000000000000001101100000100000100000001001000010000000000000000000000000000000000000000000000000000000000000000000000000000000000000000000000000000000000000000000000000000000000000000000000000000000000000000000000000000000000000000000000000000000000000000000000000000000000000000000000000000000000000000000000000111111111111111111111111111111111111000000000000000000000000000000000000000000000000000000000000000000000000000000000000000000000000000000000000000000-000000000099999aaaaa0llllopqrqropmn------------------------------------------------------------------------------------------------------------------000000000000000000000000000000000000000000000000000000000000000000000000000000000000000000000000000000000000000000000000000000000000000000000000000000------------------------------------------------------------------------------------------------------------------------------------------------------
_SEEDS_011111111001111111111111111111111111000000000000000000000000000000000000000000000000000000000000000000000000000000000000000000000000000000000000000000100000000001111111111000000000001111000000000000000000000000000000000000000000000000000000000000000000000000000000000000000000000000000000000000000000000000000000000000000000000000000000000000000000000000000000000000000000000000000000000000000000000000000000000000000000000000000000000000000000000000000000000000000000000000000000000000000000000000000000000000000000000000000000000000000000000000000000000000000000000000000000000000000000000000000000011110000000000000000000000000000000000000000000000000000000000000000000000000000000000000000000000000000000000000000000000000000000000000000000000000111111111111111111111111111111111111000000000000000000000000000000000000000000000000000000000000000000000000000000000000000000000000000000000000000000-000000000099999aaaaa0llllopqrqropmn------------------------------------------------------------------------------------------------------------------000000000000000000000000000000000000000000000000000000000000000000000000000000000000000000000000000000000000000000000000000000000000000000000000000000------------------------------------------------------------------------------------------------------------------------------------------------------;1.0;0.0775595238095238;0.10508588278177244;0.9574018947331641;0.9802538871847815;0.09573203747611937;0.5360055376642269;0.0775595238095238;0.0775595238095238;-1;111111111111111111111111111111110111000000000000000000000000000000000000000000000000000000000000000000000000000000000000000000000000000000000000000000000000000000000000000000000000000000000000000000000000000000000000000000000000000000000000000000000000000000000000000000000000000000000000000000000000110011010001001100001011010001101111000000000000000000000000000000000000000000000000000000000000000000000000000000000000000000000000000000000000000000000000001100101001010001010011000100000000000000000000000000000000000000000000000000000000000000000000000000000000000000000000000000000000000000000000000000000000000000000000000000000000000000000000000000000000000000000000000000000000000000000000000000000000000000000000000000000000000000000000000000111111111111111111111111111111111111000000000000000000000000000000000000000000000000000000000000000000000000000000000000000000000000000000000000000000-000000000099999aaaaa0llllopqrqropmn------------------------------------------------------------------------------------------------------------------000000000000000000000000000000000000000000000000000000000000000000000000000000000000000000000000000000000000000000000000000000000000000000000000000000------------------------------------------------------------------------------------------------------------------------------------------------------
_SEEDS_011111111001111111111111111111111111000000000000000000000000000000000000000000000000000000000000000000000000000000000000000000000000000000000000000000100000000001111111111000000000001111000000000000000000000000000000000000000000000000000000000000000000000000000000000000000000000000000000000000000000000000000000000000000000000000000000000000000000000000000000000000000000000000000000000000000000000000000000000000000000000000000000000000000000000000000000000000000000000000000000000000000000000000000000000000000000000000000000000000000000000000000000000000000000000000000000000000000000000000000000011110000000000000000000000000000000000000000000000000000000000000000000000000000000000000000000000000000000000000000000000000000000000000000000000000111111111111111111111111111111111111000000000000000000000000000000000000000000000000000000000000000000000000000000000000000000000000000000000000000000-000000000099999aaaaa0llllopqrqropmn------------------------------------------------------------------------------------------------------------------000000000000000000000000000000000000000000000000000000000000000000000000000000000000000000000000000000000000000000000000000000000000000000000000000000------------------------------------------------------------------------------------------------------------------------------------------------------;1.0;0.08378968253968244;0.05222877324902453;0.9616282213913793;0.9743329714914074;0.12215138897335784;0.5323551729408086;0.08378968253968244;0.08378968253968244;-1;111111111111111111111111111101101111000000000000000000000000000000000000000000000000000000000000000000000000000000000000000000000000000000000000000000000000000000000000000000000000000000000000000000000000000000000000000000000000000000000000000000000000000000000000000000000000000000000000000000000000000010011011001001000001101011100000000000000000000000000000000000000000000000000000000000000000000000000000000000000000000000000000000000000000000000100100000000000011111000000001110100000000000000000000000000000000000000000000000000000000000000000000000000000000000000000000000000000000000000000000000000000000000000000000000000000000000000000000000000000000000000000000000000000000000000000000000000000000000000000000000000000000000000000000000000111111111111111111111111111111111111000000000000000000000000000000000000000000000000000000000000000000000000000000000000000000000000000000000000000000-000000000099999aaaaa0llllopqrqropmn------------------------------------------------------------------------------------------------------------------000000000000000000000000000000000000000000000000000000000000000000000000000000000000000000000000000000000000000000000000000000000000000000000000000000------------------------------------------------------------------------------------------------------------------------------------------------------
_SEEDS_011111111001111111111111111111111111000000000000000000000000000000000000000000000000000000000000000000000000000000000000000000000000000000000000000000100000000001111111111000000000001111000000000000000000000000000000000000000000000000000000000000000000000000000000000000000000000000000000000000000000000000000000000000000000000000000000000000000000000000000000000000000000000000000000000000000000000000000000000000000000000000000000000000000000000000000000000000000000000000000000000000000000000000000000000000000000000000000000000000000000000000000000000000000000000000000000000000000000000000000000011110000000000000000000000000000000000000000000000000000000000000000000000000000000000000000000000000000000000000000000000000000000000000000000000000111111111111111111111111111111111111000000000000000000000000000000000000000000000000000000000000000000000000000000000000000000000000000000000000000000-000000000099999aaaaa0llllopqrqropmn------------------------------------------------------------------------------------------------------------------000000000000000000000000000000000000000000000000000000000000000000000000000000000000000000000000000000000000000000000000000000000000000000000000000000------------------------------------------------------------------------------------------------------------------------------------------------------;1.0;0.07946428571428577;0.15898229155176957;0.9604536171864335;0.9852503423965234;0.10510458448287673;0.5482091868886482;0.07946428571428577;0.07946428571428577;-1;111111111111011111111111111111111111000000000000000000000000000000000000000000000000000000000000000000000000000000000000000000000000000000000000000000000000000000000000000000000000000000000000000000000000000000000000000000000000000000000000000000000000000000000000000000000000000000000000000000000000101101101110100100100111010000110011000000000000000000000000000000000000000000000000000000000000000000000000000000000000000000000000000000000000000000010000100000011001010001000100001000000000000000000000000000000000000000000000000000000000000000000000000000000000000000000000000000000000000000000000000000000000000000000000000000000000000000000000000000000000000000000000000000000000000000000000000000000000000000000000000000000000000000000000000000111111111111111111111111111111111111000000000000000000000000000000000000000000000000000000000000000000000000000000000000000000000000000000000000000000-000000000099999aaaaa0llllopqrqropmn------------------------------------------------------------------------------------------------------------------000000000000000000000000000000000000000000000000000000000000000000000000000000000000000000000000000000000000000000000000000000000000000000000000000000------------------------------------------------------------------------------------------------------------------------------------------------------
_SEEDS_011111111001111111111111111111111111000000000000000000000000000000000000000000000000000000000000000000000000000000000000000000000000000000000000000000100000000001111111111000000000001111000000000000000000000000000000000000000000000000000000000000000000000000000000000000000000000000000000000000000000000000000000000000000000000000000000000000000000000000000000000000000000000000000000000000000000000000000000000000000000000000000000000000000000000000000000000000000000000000000000000000000000000000000000000000000000000000000000000000000000000000000000000000000000000000000000000000000000000000000000011110000000000000000000000000000000000000000000000000000000000000000000000000000000000000000000000000000000000000000000000000000000000000000000000000111111111111111111111111111111111111000000000000000000000000000000000000000000000000000000000000000000000000000000000000000000000000000000000000000000-000000000099999aaaaa0llllopqrqropmn------------------------------------------------------------------------------------------------------------------000000000000000000000000000000000000000000000000000000000000000000000000000000000000000000000000000000000000000000000000000000000000000000000000000000------------------------------------------------------------------------------------------------------------------------------------------------------;1.0;0.07938492063492075;0.143106928065714;0.9524786894403191;0.9746910449986117;0.0928801943427317;0.5404236295803829;0.07938492063492075;0.07938492063492075;-1;111111111111111111111111111111111111000000000000000000000000000000000000000000000000000000000000000000000000000000000000000000000000000000000000000000000000000000000000000000000000000000000000000000000000000000000000000000000000000000000000000000000000000000000000000000000000000000000000000000000000010100101100110101001111100110001000000000000000000000000000000000000000000000000000000000000000000000000000000000000000000000000000000000000000000000000010010000001010001100001000010010000000000000000000000000000000000000000000000000000000000000000000000000000000000000000000000000000000000000000000000000000000000000000000000000000000000000000000000000000000000000000000000000000000000000000000000000000000000000000000000000000000000000000000000000111111111111111111111111111111111111000000000000000000000000000000000000000000000000000000000000000000000000000000000000000000000000000000000000000000-000000000099999aaaaa0llllopqrqropmn------------------------------------------------------------------------------------------------------------------000000000000000000000000000000000000000000000000000000000000000000000000000000000000000000000000000000000000000000000000000000000000000000000000000000------------------------------------------------------------------------------------------------------------------------------------------------------
_SEEDS_011111111001111111111111111111111111000000000000000000000000000000000000000000000000000000000000000000000000000000000000000000000000000000000000000000100000000001111111111000000000001111000000000000000000000000000000000000000000000000000000000000000000000000000000000000000000000000000000000000000000000000000000000000000000000000000000000000000000000000000000000000000000000000000000000000000000000000000000000000000000000000000000000000000000000000000000000000000000000000000000000000000000000000000000000000000000000000000000000000000000000000000000000000000000000000000000000000000000000000000000011110000000000000000000000000000000000000000000000000000000000000000000000000000000000000000000000000000000000000000000000000000000000000000000000000111111111111111111111111111111111111000000000000000000000000000000000000000000000000000000000000000000000000000000000000000000000000000000000000000000-000000000099999aaaaa0llllopqrqropmn------------------------------------------------------------------------------------------------------------------000000000000000000000000000000000000000000000000000000000000000000000000000000000000000000000000000000000000000000000000000000000000000000000000000000------------------------------------------------------------------------------------------------------------------------------------------------------;1.0;0.0834126984126986;0.17995434743766459;0.9550032927664507;0.9765331873412942;0.08307827459341209;0.5463303000919201;0.0834126984126986;0.0834126984126986;-1;111111111111101111111111111111111111000000000000000000000000000000000000000000000000000000000000000000000000000000000000000000000000000000000000000000000000000000000000000000000000000000000000000000000000000000000000000000000000000000000000000000000000000000000000000000000000000000000000000000000000100011010111000100000010110100011100000000000000000000000000000000000000000000000000000000000000000000000000000000000000000000000000000000000000000000000000100000011011000100000001100111000000000000000000000000000000000000000000000000000000000000000000000000000000000000000000000000000000000000000000000000000000000000000000000000000000000000000000000000000000000000000000000000000000000000000000000000000000000000000000000000000000000000000000000000111111111111111111111111111111111111000000000000000000000000000000000000000000000000000000000000000000000000000000000000000000000000000000000000000000-000000000099999aaaaa0llllopqrqropmn------------------------------------------------------------------------------------------------------------------000000000000000000000000000000000000000000000000000000000000000000000000000000000000000000000000000000000000000000000000000000000000000000000000000000------------------------------------------------------------------------------------------------------------------------------------------------------
_SEEDS_011111111001111111111111111111111111000000000000000000000000000000000000000000000000000000000000000000000000000000000000000000000000000000000000000000100000000001111111111000000000001111000000000000000000000000000000000000000000000000000000000000000000000000000000000000000000000000000000000000000000000000000000000000000000000000000000000000000000000000000000000000000000000000000000000000000000000000000000000000000000000000000000000000000000000000000000000000000000000000000000000000000000000000000000000000000000000000000000000000000000000000000000000000000000000000000000000000000000000000000000011110000000000000000000000000000000000000000000000000000000000000000000000000000000000000000000000000000000000000000000000000000000000000000000000000111111111111111111111111111111111111000000000000000000000000000000000000000000000000000000000000000000000000000000000000000000000000000000000000000000-000000000099999aaaaa0llllopqrqropmn------------------------------------------------------------------------------------------------------------------000000000000000000000000000000000000000000000000000000000000000000000000000000000000000000000000000000000000000000000000000000000000000000000000000000------------------------------------------------------------------------------------------------------------------------------------------------------;1.0;0.08180555555555569;0.21996335626923436;0.9641010052751731;0.9843165559178747;0.07361446117814159;0.5539668223659965;0.08180555555555569;0.08180555555555569;-1;111111111111111111111111111111111111000000000000000000000000000000000000000000000000000000000000000000000000000000000000000000000000000000000000000000000000000000000000000000000000000000000000000000000000000000000000000000000000000000000000000000000000000000000000000000000000000000000000000000000000011010001100010001101101111101011010000000000000000000000000000000000000000000000000000000000000000000000000000000000000000000000000000000000000000000000000000010100000000100000000100000000000000000000000000000000000000000000000000000000000000000000000000000000000000000000000000000000000000000000000000000000000000000000000000000000000000000000000000000000000000000000000000000000000000000000000000000000000000000000000000000000000000000000000000000111111111111111111111111111111111111000000000000000000000000000000000000000000000000000000000000000000000000000000000000000000000000000000000000000000-000000000099999aaaaa0llllopqrqropmn------------------------------------------------------------------------------------------------------------------000000000000000000000000000000000000000000000000000000000000000000000000000000000000000000000000000000000000000000000000000000000000000000000000000000------------------------------------------------------------------------------------------------------------------------------------------------------
_SEEDS_011111111001111111111111111111111111000000000000000000000000000000000000000000000000000000000000000000000000000000000000000000000000000000000000000000100000000001111111111000000000001111000000000000000000000000000000000000000000000000000000000000000000000000000000000000000000000000000000000000000000000000000000000000000000000000000000000000000000000000000000000000000000000000000000000000000000000000000000000000000000000000000000000000000000000000000000000000000000000000000000000000000000000000000000000000000000000000000000000000000000000000000000000000000000000000000000000000000000000000000000011110000000000000000000000000000000000000000000000000000000000000000000000000000000000000000000000000000000000000000000000000000000000000000000000000111111111111111111111111111111111111000000000000000000000000000000000000000000000000000000000000000000000000000000000000000000000000000000000000000000-000000000099999aaaaa0llllopqrqropmn------------------------------------------------------------------------------------------------------------------000000000000000000000000000000000000000000000000000000000000000000000000000000000000000000000000000000000000000000000000000000000000000000000000000000------------------------------------------------------------------------------------------------------------------------------------------------------;1.0;0.08972222222222248;0.1436244358556935;0.9628740358147715;0.977626587682482;0.14770848778117737;0.5535926282260578;0.08972222222222248;0.08972222222222248;-1;111111111111111110111111111011111111100000000000000000000000000000000000000000000000000000000000000000000000000000000000000000000000000000000000000000000000000000000000000000000000000000000000000000000000000000000000000000000000000000000000000000000000000000000000000000000000000000000000000000000000111101101001000001001111110000010000000000000000000000000000000000000000000000000000000000000000000000000000000000000000000000000000000000000000000000100101100010010000000001001111010101000000000000000000000000000000000000000000000000000000000000000000000000000000000000000000000000000000000000000000000000000000000000000000000000000000000000000000000000000000000000000000000000000000000000000000000000000000000000000000000000000000000000000000000000111111111111111111111111111111111111000000000000000000000000000000000000000000000000000000000000000000000000000000000000000000000000000000000000000000-000000000099999aaaaa0llllopqrqropmn------------------------------------------------------------------------------------------------------------------000000000000000000000000000000000000000000000000000000000000000000000000000000000000000000000000000000000000000000000000000000000000000000000000000000------------------------------------------------------------------------------------------------------------------------------------------------------
_SEEDS_011111111001111111111111111111111111000000000000000000000000000000000000000000000000000000000000000000000000000000000000000000000000000000000000000000100000000001111111111000000000001111000000000000000000000000000000000000000000000000000000000000000000000000000000000000000000000000000000000000000000000000000000000000000000000000000000000000000000000000000000000000000000000000000000000000000000000000000000000000000000000000000000000000000000000000000000000000000000000000000000000000000000000000000000000000000000000000000000000000000000000000000000000000000000000000000000000000000000000000000000011110000000000000000000000000000000000000000000000000000000000000000000000000000000000000000000000000000000000000000000000000000000000000000000000000111111111111111111111111111111111111000000000000000000000000000000000000000000000000000000000000000000000000000000000000000000000000000000000000000000-000000000099999aaaaa0llllopqrqropmn------------------------------------------------------------------------------------------------------------------000000000000000000000000000000000000000000000000000000000000000000000000000000000000000000000000000000000000000000000000000000000000000000000000000000------------------------------------------------------------------------------------------------------------------------------------------------------;1.0;0.07767857142857126;0.13098541095756788;0.9463661135676141;0.9806371331946044;0.1199393611060915;0.5426010983757416;0.07767857142857126;0.07767857142857126;-1;011111111111111111111101111111111111000000000000000000000000000000000000000000000000000000000000000000000000000000000000000000000000000000000000000000000000000000000000000000000000000000000000000000000000000000000000000000000000000000000000000000000000000000000000000000000000000000000000000000000000100001111001010010000010100111100100000000000000000000000000000000000000000000000000000000000000000000000000000000000000000000000000000000000000000000111000000100110100000010010000000000000000000000000000000000000000000000000000000000000000000000000000000000000000000000000000000000000000000000000000000000000000000000000000000000000000000000000000000000000000000000000000000000000000000000000000000000000000000000000000000000000000000000000000000000111111111111111111111111111111111111000000000000000000000000000000000000000000000000000000000000000000000000000000000000000000000000000000000000000000-000000000099999aaaaa0llllopqrqropmn------------------------------------------------------------------------------------------------------------------000000000000000000000000000000000000000000000000000000000000000000000000000000000000000000000000000000000000000000000000000000000000000000000000000000------------------------------------------------------------------------------------------------------------------------------------------------------
_SEEDS_011111111001111111111111111111111111000000000000000000000000000000000000000000000000000000000000000000000000000000000000000000000000000000000000000000100000000001111111111000000000001111000000000000000000000000000000000000000000000000000000000000000000000000000000000000000000000000000000000000000000000000000000000000000000000000000000000000000000000000000000000000000000000000000000000000000000000000000000000000000000000000000000000000000000000000000000000000000000000000000000000000000000000000000000000000000000000000000000000000000000000000000000000000000000000000000000000000000000000000000000011110000000000000000000000000000000000000000000000000000000000000000000000000000000000000000000000000000000000000000000000000000000000000000000000000111111111111111111111111111111111111000000000000000000000000000000000000000000000000000000000000000000000000000000000000000000000000000000000000000000-000000000099999aaaaa0llllopqrqropmn------------------------------------------------------------------------------------------------------------------000000000000000000000000000000000000000000000000000000000000000000000000000000000000000000000000000000000000000000000000000000000000000000000000000000------------------------------------------------------------------------------------------------------------------------------------------------------;1.0;0.08751984126984114;0.12904453724830067;0.9580384242293181;0.9790046578392878;0.1286931237870218;0.5470500973956282;0.08751984126984114;0.08751984126984114;-1;111111011111111111111111111111101111000000000000000000000000000000000000000000000000000000000000000000000000000000000000000000000000000000000000000000000000000000000000000000000000000000000000000000000000000000000000000000000000000000000000000000000000000000000000000000000000000000000000000000000000001011000010010000100101001101010011000000000000000000000000000000000000000000000000000000000000000000000000000000000000000000000000000000000000000000100000110101100000000001110100000110000000000000000000000000000000000000000000000000000000000000000000000000000000000000000000000000000000000000000000000000000000000000000000000000000000000000000000000000000000000000000000000000000000000000000000000000000000000000000000000000000000000000000000000000111111111111111111111111111111111111000000000000000000000000000000000000000000000000000000000000000000000000000000000000000000000000000000000000000000-000000000099999aaaaa0llllopqrqropmn------------------------------------------------------------------------------------------------------------------000000000000000000000000000000000000000000000000000000000000000000000000000000000000000000000000000000000000000000000000000000000000000000000000000000------------------------------------------------------------------------------------------------------------------------------------------------------
_SEEDS_011111111001111111111111111111111111000000000000000000000000000000000000000000000000000000000000000000000000000000000000000000000000000000000000000000100000000001111111111000000000001111000000000000000000000000000000000000000000000000000000000000000000000000000000000000000000000000000000000000000000000000000000000000000000000000000000000000000000000000000000000000000000000000000000000000000000000000000000000000000000000000000000000000000000000000000000000000000000000000000000000000000000000000000000000000000000000000000000000000000000000000000000000000000000000000000000000000000000000000000000011110000000000000000000000000000000000000000000000000000000000000000000000000000000000000000000000000000000000000000000000000000000000000000000000000111111111111111111111111111111111111000000000000000000000000000000000000000000000000000000000000000000000000000000000000000000000000000000000000000000-000000000099999aaaaa0llllopqrqropmn------------------------------------------------------------------------------------------------------------------000000000000000000000000000000000000000000000000000000000000000000000000000000000000000000000000000000000000000000000000000000000000000000000000000000------------------------------------------------------------------------------------------------------------------------------------------------------;1.0;0.08466269841269847;0.17819454359784614;0.950023450456887;0.9724849266868405;0.09353716180078607;0.5464837968258431;0.08466269841269847;0.08466269841269847;-1;111111111111111111111101111111111111000000000000000000000000000000000000000000000000000000000000000000000000000000000000000000000000000000000000000000000000000000000000000000000000000000000000000000000000000000000000000000000000000000000000000000000000000000000000000000000000000000000000000000000000100011001001110011101001000000000000000000000000000000000000000000000000000000000000000000000000000000000000000000000000000000000000000000000000000000010100000010001000000010101000010101000000000000000000000000000000000000000000000000000000000000000000000000000000000000000000000000000000000000000000000000000000000000000000000000000000000000000000000000000000000000000000000000000000000000000000000000000000000000000000000000000000000000000000000000111111111111111111111111111111111111000000000000000000000000000000000000000000000000000000000000000000000000000000000000000000000000000000000000000000-000000000099999aaaaa0llllopqrqropmn------------------------------------------------------------------------------------------------------------------000000000000000000000000000000000000000000000000000000000000000000000000000000000000000000000000000000000000000000000000000000000000000000000000000000------------------------------------------------------------------------------------------------------------------------------------------------------
_SEEDS_011111111001111111111111111111111111000000000000000000000000000000000000000000000000000000000000000000000000000000000000000000000000000000000000000000100000000001111111111000000000001111000000000000000000000000000000000000000000000000000000000000000000000000000000000000000000000000000000000000000000000000000000000000000000000000000000000000000000000000000000000000000000000000000000000000000000000000000000000000000000000000000000000000000000000000000000000000000000000000000000000000000000000000000000000000000000000000000000000000000000000000000000000000000000000000000000000000000000000000000000011110000000000000000000000000000000000000000000000000000000000000000000000000000000000000000000000000000000000000000000000000000000000000000000000000111111111111111111111111111111111111000000000000000000000000000000000000000000000000000000000000000000000000000000000000000000000000000000000000000000-000000000099999aaaaa0llllopqrqropmn------------------------------------------------------------------------------------------------------------------000000000000000000000000000000000000000000000000000000000000000000000000000000000000000000000000000000000000000000000000000000000000000000000000000000------------------------------------------------------------------------------------------------------------------------------------------------------;1.0;0.0790277777777777;0.07330353763066066;0.9433534979188275;0.9694861833045935;0.12050655539923177;0.5309462586718485;0.0790277777777777;0.0790277777777777;-1;111111111111111111111101110111111111000000000000000000000000000000000000000000000000000000000000000000000000000000000000000000000000000000000000000000000000000000000000000000000000000000000000000000000000000000000000000000000000000000000000000000000000000000000000000000000000000000000000000000000000101010000100000101111111001000001100000000000000000000000000000000000000000000000000000000000000000000000000000000000000000000000000000000000000000000010100011001111010010000000000001000000000000000000000000000000000000000000000000000000000000000000000000000000000000000000000000000000000000000000000000000000000000000000000000000000000000000000000000000000000000000000000000000000000000000000000000000000000000000000000000000000000000000000000000000111111111111111111111111111111111111000000000000000000000000000000000000000000000000000000000000000000000000000000000000000000000000000000000000000000-000000000099999aaaaa0llllopqrqropmn------------------------------------------------------------------------------------------------------------------000000000000000000000000000000000000000000000000000000000000000000000000000000000000000000000000000000000000000000000000000000000000000000000000000000------------------------------------------------------------------------------------------------------------------------------------------------------
_SEEDS_011111111001111111111111111111111111000000000000000000000000000000000000000000000000000000000000000000000000000000000000000000000000000000000000000000100000000001111111111000000000001111000000000000000000000000000000000000000000000000000000000000000000000000000000000000000000000000000000000000000000000000000000000000000000000000000000000000000000000000000000000000000000000000000000000000000000000000000000000000000000000000000000000000000000000000000000000000000000000000000000000000000000000000000000000000000000000000000000000000000000000000000000000000000000000000000000000000000000000000000000011110000000000000000000000000000000000000000000000000000000000000000000000000000000000000000000000000000000000000000000000000000000000000000000000000111111111111111111111111111111111111000000000000000000000000000000000000000000000000000000000000000000000000000000000000000000000000000000000000000000-000000000099999aaaaa0llllopqrqropmn------------------------------------------------------------------------------------------------------------------000000000000000000000000000000000000000000000000000000000000000000000000000000000000000000000000000000000000000000000000000000000000000000000000000000------------------------------------------------------------------------------------------------------------------------------------------------------;1.0;0.07791666666666652;0.12009239277949824;0.9457412615288002;0.9687858867704824;0.1319802937332707;0.540752750246453;0.07791666666666652;0.07791666666666652;-1;111111111111111111111111111111111001100000000000000000000000000000000000000000000000000000000000000000000000000000000000000000000000000000000000000000000000000000000000000000000000000000000000000000000000000000000000000000000000000000000000000000000000000000000000000000000000000000000000000000000000010001011111111110001111000000110101000000000000000000000000000000000000000000000000000000000000000000000000000000000000000000000000000000000000000000100000000100000000100000101100011010000000000000000000000000000000000000000000000000000000000000000000000000000000000000000000000000000000000000000000000000000000000000000000000000000000000000000000000000000000000000000000000000000000000000000000000000000000000000000000000000000000000000000000000000111111111111111111111111111111111111000000000000000000000000000000000000000000000000000000000000000000000000000000000000000000000000000000000000000000-000000000099999aaaaa0llllopqrqropmn------------------------------------------------------------------------------------------------------------------000000000000000000000000000000000000000000000000000000000000000000000000000000000000000000000000000000000000000000000000000000000000000000000000000000------------------------------------------------------------------------------------------------------------------------------------------------------
_SEEDS_011111111001111111111111111111111111000000000000000000000000000000000000000000000000000000000000000000000000000000000000000000000000000000000000000000100000000001111111111000000000001111000000000000000000000000000000000000000000000000000000000000000000000000000000000000000000000000000000000000000000000000000000000000000000000000000000000000000000000000000000000000000000000000000000000000000000000000000000000000000000000000000000000000000000000000000000000000000000000000000000000000000000000000000000000000000000000000000000000000000000000000000000000000000000000000000000000000000000000000000000011110000000000000000000000000000000000000000000000000000000000000000000000000000000000000000000000000000000000000000000000000000000000000000000000000111111111111111111111111111111111111000000000000000000000000000000000000000000000000000000000000000000000000000000000000000000000000000000000000000000-000000000099999aaaaa0llllopqrqropmn------------------------------------------------------------------------------------------------------------------000000000000000000000000000000000000000000000000000000000000000000000000000000000000000000000000000000000000000000000000000000000000000000000000000000------------------------------------------------------------------------------------------------------------------------------------------------------;1.0;0.08759920634920637;0.3139728851505009;0.963664068572417;0.9785205461386244;0.09697732365629529;0.5734556716445073;0.08759920634920637;0.08759920634920637;-1;111111101111111111111111111111111111000000000000000000000000000000000000000000000000000000000000000000000000000000000000000000000000000000000000000000000000000000000000000000000000000000000000000000000000000000000000000000000000000000000000000000000000000000000000000000000000000000000000000000000000100101011111000100000110011001001000000000000000000000000000000000000000000000000000000000000000000000000000000000000000000000000000000000000000000000010010010000000001001000000110011101000000000000000000000000000000000000000000000000000000000000000000000000000000000000000000000000000000000000000000000000000000000000000000000000000000000000000000000000000000000000000000000000000000000000000000000000000000000000000000000000000000000000000000000000111111111111111111111111111111111111000000000000000000000000000000000000000000000000000000000000000000000000000000000000000000000000000000000000000000-000000000099999aaaaa0llllopqrqropmn------------------------------------------------------------------------------------------------------------------000000000000000000000000000000000000000000000000000000000000000000000000000000000000000000000000000000000000000000000000000000000000000000000000000000------------------------------------------------------------------------------------------------------------------------------------------------------
_SEEDS_011111111001111111111111111111111111000000000000000000000000000000000000000000000000000000000000000000000000000000000000000000000000000000000000000000100000000001111111111000000000001111000000000000000000000000000000000000000000000000000000000000000000000000000000000000000000000000000000000000000000000000000000000000000000000000000000000000000000000000000000000000000000000000000000000000000000000000000000000000000000000000000000000000000000000000000000000000000000000000000000000000000000000000000000000000000000000000000000000000000000000000000000000000000000000000000000000000000000000000000000011110000000000000000000000000000000000000000000000000000000000000000000000000000000000000000000000000000000000000000000000000000000000000000000000000111111111111111111111111111111111111000000000000000000000000000000000000000000000000000000000000000000000000000000000000000000000000000000000000000000-000000000099999aaaaa0llllopqrqropmn------------------------------------------------------------------------------------------------------------------000000000000000000000000000000000000000000000000000000000000000000000000000000000000000000000000000000000000000000000000000000000000000000000000000000------------------------------------------------------------------------------------------------------------------------------------------------------;1.0;0.09886904761904736;0.09264828738512954;0.9413981156564277;0.9742153833995939;0.11731958533331531;0.5374084032322523;0.09886904761904736;0.09886904761904736;-1;111111101111111111001011111111111111000000000000000000000000000000000000000000000000000000000000000000000000000000000000000000000000000000000000000000000000000000000000000000000000000000000000000000000000000000000000000000000000000000000000000000000000000000000000000000000000000000000000000000000000101011110101100100100100000001001010000000000000000000000000000000000000000000000000000000000000000000000000000000000000000000000000000000000000000000000100000000000000011000000000000001000000000000000000000000000000000000000000000000000000000000000000000000000000000000000000000000000000000000000000000000000000000000000000000000000000000000000000000000000000000000000000000000000000000000000000000000000000000000000000000000000000000000000000000000111111111111111111111111111111111111000000000000000000000000000000000000000000000000000000000000000000000000000000000000000000000000000000000000000000-000000000099999aaaaa0llllopqrqropmn------------------------------------------------------------------------------------------------------------------000000000000000000000000000000000000000000000000000000000000000000000000000000000000000000000000000000000000000000000000000000000000000000000000000000------------------------------------------------------------------------------------------------------------------------------------------------------
_SEEDS_011111111001111111111111111111111111000000000000000000000000000000000000000000000000000000000000000000000000000000000000000000000000000000000000000000100000000001111111111000000000001111000000000000000000000000000000000000000000000000000000000000000000000000000000000000000000000000000000000000000000000000000000000000000000000000000000000000000000000000000000000000000000000000000000000000000000000000000000000000000000000000000000000000000000000000000000000000000000000000000000000000000000000000000000000000000000000000000000000000000000000000000000000000000000000000000000000000000000000000000000011110000000000000000000000000000000000000000000000000000000000000000000000000000000000000000000000000000000000000000000000000000000000000000000000000111111111111111111111111111111111111000000000000000000000000000000000000000000000000000000000000000000000000000000000000000000000000000000000000000000-000000000099999aaaaa0llllopqrqropmn------------------------------------------------------------------------------------------------------------------000000000000000000000000000000000000000000000000000000000000000000000000000000000000000000000000000000000000000000000000000000000000000000000000000000------------------------------------------------------------------------------------------------------------------------------------------------------;1.0;0.08271825396825383;0.17628451295016856;0.9582208007572891;0.9773357587223833;0.08139018992068578;0.54599158605313;0.08271825396825383;0.08271825396825383;-1;111111111111111111111111111111111111000000000000000000000000000000000000000000000000000000000000000000000000000000000000000000000000000000000000000000000000000000000000000000000000000000000000000000000000000000000000000000000000000000000000000000000000000000000000000000000000000000000000000000000000100100000101000000001011101011111001000000000000000000000000000000000000000000000000000000000000000000000000000000000000000000000000000000000000000000000100110010000000010100010000000000000000000000000000000000000000000000000000000000000000000000000000000000000000000000000000000000000000000000000000000000000000000000000000000000000000000000000000000000000000000000000000000000000000000000000000000000000000000000000000000000000000000000000000000000111111111111111111111111111111111111000000000000000000000000000000000000000000000000000000000000000000000000000000000000000000000000000000000000000000-000000000099999aaaaa0llllopqrqropmn------------------------------------------------------------------------------------------------------------------000000000000000000000000000000000000000000000000000000000000000000000000000000000000000000000000000000000000000000000000000000000000000000000000000000------------------------------------------------------------------------------------------------------------------------------------------------------
_SEEDS_011111111001111111111111111111111111000000000000000000000000000000000000000000000000000000000000000000000000000000000000000000000000000000000000000000100000000001111111111000000000001111000000000000000000000000000000000000000000000000000000000000000000000000000000000000000000000000000000000000000000000000000000000000000000000000000000000000000000000000000000000000000000000000000000000000000000000000000000000000000000000000000000000000000000000000000000000000000000000000000000000000000000000000000000000000000000000000000000000000000000000000000000000000000000000000000000000000000000000000000000011110000000000000000000000000000000000000000000000000000000000000000000000000000000000000000000000000000000000000000000000000000000000000000000000000111111111111111111111111111111111111000000000000000000000000000000000000000000000000000000000000000000000000000000000000000000000000000000000000000000-000000000099999aaaaa0llllopqrqropmn------------------------------------------------------------------------------------------------------------------000000000000000000000000000000000000000000000000000000000000000000000000000000000000000000000000000000000000000000000000000000000000000000000000000000------------------------------------------------------------------------------------------------------------------------------------------------------;1.0;0.08025793650793644;0.15343660588755204;0.9495683189601911;0.9769330474537815;0.09289161210653402;0.5421812534859992;0.08025793650793644;0.08025793650793644;-1;111111111111011111111111111111111111100000000000000000000000000000000000000000000000000000000000000000000000000000000000000000000000000000000000000000000000000000000000000000000000000000000000000000000000000000000000000000000000000000000000000000000000000000000000000000000000000000000000000000000000110010100011010000100000111010000010000000000000000000000000000000000000000000000000000000000000000000000000000000000000000000000000000000000000000000100100010000111100000110000100001011000000000000000000000000000000000000000000000000000000000000000000000000000000000000000000000000000000000000000000000000000000000000000000000000000000000000000000000000000000000000000000000000000000000000000000000000000000000000000000000000000000000000000000000000111111111111111111111111111111111111000000000000000000000000000000000000000000000000000000000000000000000000000000000000000000000000000000000000000000-000000000099999aaaaa0llllopqrqropmn------------------------------------------------------------------------------------------------------------------000000000000000000000000000000000000000000000000000000000000000000000000000000000000000000000000000000000000000000000000000000000000000000000000000000------------------------------------------------------------------------------------------------------------------------------------------------------
_SEEDS_011111111001111111111111111111111111000000000000000000000000000000000000000000000000000000000000000000000000000000000000000000000000000000000000000000100000000001111111111000000000001111000000000000000000000000000000000000000000000000000000000000000000000000000000000000000000000000000000000000000000000000000000000000000000000000000000000000000000000000000000000000000000000000000000000000000000000000000000000000000000000000000000000000000000000000000000000000000000000000000000000000000000000000000000000000000000000000000000000000000000000000000000000000000000000000000000000000000000000000000000011110000000000000000000000000000000000000000000000000000000000000000000000000000000000000000000000000000000000000000000000000000000000000000000000000111111111111111111111111111111111111000000000000000000000000000000000000000000000000000000000000000000000000000000000000000000000000000000000000000000-000000000099999aaaaa0llllopqrqropmn------------------------------------------------------------------------------------------------------------------000000000000000000000000000000000000000000000000000000000000000000000000000000000000000000000000000000000000000000000000000000000000000000000000000000------------------------------------------------------------------------------------------------------------------------------------------------------;1.0;0.09041666666666681;0.15120080691817595;0.9373145152839362;0.961713868247309;0.08125107913742237;0.5369828227089183;0.09041666666666681;0.09041666666666681;-1;111111111111111110111111111111011110000000000000000000000000000000000000000000000000000000000000000000000000000000000000000000000000000000000000000000000000000000000000000000000000000000000000000000000000000000000000000000000000000000000000000000000000000000000000000000000000000000000000000000000000000001001010110100111001000010100101000000000000000000000000000000000000000000000000000000000000000000000000000000000000000000000000000000000000000000000000100100000001011110000101011000000000000000000000000000000000000000000000000000000000000000000000000000000000000000000000000000000000000000000000000000000000000000000000000000000000000000000000000000000000000000000000000000000000000000000000000000000000000000000000000000000000000000000000000000111111111111111111111111111111111111000000000000000000000000000000000000000000000000000000000000000000000000000000000000000000000000000000000000000000-000000000099999aaaaa0llllopqrqropmn------------------------------------------------------------------------------------------------------------------000000000000000000000000000000000000000000000000000000000000000000000000000000000000000000000000000000000000000000000000000000000000000000000000000000------------------------------------------------------------------------------------------------------------------------------------------------------
_SEEDS_011111111001111111111111111111111111000000000000000000000000000000000000000000000000000000000000000000000000000000000000000000000000000000000000000000100000000001111111111000000000001111000000000000000000000000000000000000000000000000000000000000000000000000000000000000000000000000000000000000000000000000000000000000000000000000000000000000000000000000000000000000000000000000000000000000000000000000000000000000000000000000000000000000000000000000000000000000000000000000000000000000000000000000000000000000000000000000000000000000000000000000000000000000000000000000000000000000000000000000000000011110000000000000000000000000000000000000000000000000000000000000000000000000000000000000000000000000000000000000000000000000000000000000000000000000111111111111111111111111111111111111000000000000000000000000000000000000000000000000000000000000000000000000000000000000000000000000000000000000000000-000000000099999aaaaa0llllopqrqropmn------------------------------------------------------------------------------------------------------------------000000000000000000000000000000000000000000000000000000000000000000000000000000000000000000000000000000000000000000000000000000000000000000000000000000------------------------------------------------------------------------------------------------------------------------------------------------------;1.0;0.06904761904761902;0.10387258239813968;0.9394053451149915;0.9680707570670732;0.0969253989207011;0.5295536170914208;0.06904761904761902;0.06904761904761902;-1;111111111111111111111111111111111111000000000000000000000000000000000000000000000000000000000000000000000000000000000000000000000000000000000000000000000000000000000000000000000000000000000000000000000000000000000000000000000000000000000000000000000000000000000000000000000000000000000000000000000000101001100100101010100100110100110111000000000000000000000000000000000000000000000000000000000000000000000000000000000000000000000000000000000000000000010010000000110100011111011001000000000000000000000000000000000000000000000000000000000000000000000000000000000000000000000000000000000000000000000000000000000000000000000000000000000000000000000000000000000000000000000000000000000000000000000000000000000000000000000000000000000000000000000000000000111111111111111111111111111111111111000000000000000000000000000000000000000000000000000000000000000000000000000000000000000000000000000000000000000000-000000000099999aaaaa0llllopqrqropmn------------------------------------------------------------------------------------------------------------------000000000000000000000000000000000000000000000000000000000000000000000000000000000000000000000000000000000000000000000000000000000000000000000000000000------------------------------------------------------------------------------------------------------------------------------------------------------
_SEEDS_011111111001111111111111111111111111000000000000000000000000000000000000000000000000000000000000000000000000000000000000000000000000000000000000000000100000000001111111111000000000001111000000000000000000000000000000000000000000000000000000000000000000000000000000000000000000000000000000000000000000000000000000000000000000000000000000000000000000000000000000000000000000000000000000000000000000000000000000000000000000000000000000000000000000000000000000000000000000000000000000000000000000000000000000000000000000000000000000000000000000000000000000000000000000000000000000000000000000000000000000011110000000000000000000000000000000000000000000000000000000000000000000000000000000000000000000000000000000000000000000000000000000000000000000000000111111111111111111111111111111111111000000000000000000000000000000000000000000000000000000000000000000000000000000000000000000000000000000000000000000-000000000099999aaaaa0llllopqrqropmn------------------------------------------------------------------------------------------------------------------000000000000000000000000000000000000000000000000000000000000000000000000000000000000000000000000000000000000000000000000000000000000000000000000000000------------------------------------------------------------------------------------------------------------------------------------------------------;1.0;0.07769841269841271;0.16098764379311503;0.9487234422335419;0.974807188232694;0.0670941311760273;0.5382184696889651;0.07769841269841271;0.07769841269841271;-1;111111111111111111111111111111111111000000000000000000000000000000000000000000000000000000000000000000000000000000000000000000000000000000000000000000000000000000000000000000000000000000000000000000000000000000000000000000000000000000000000000000000000000000000000000000000000000000000000000000000000000111100101000010111101000000111101000000000000000000000000000000000000000000000000000000000000000000000000000000000000000000000000000000000000000000000000000010101100000000001000000000000000000000000000000000000000000000000000000000000000000000000000000000000000000000000000000000000000000000000000000000000000000000000000000000000000000000000000000000000000000000000000000000000000000000000000000000000000000000000000000000000000000000000000000000111111111111111111111111111111111111000000000000000000000000000000000000000000000000000000000000000000000000000000000000000000000000000000000000000000-000000000099999aaaaa0llllopqrqropmn------------------------------------------------------------------------------------------------------------------000000000000000000000000000000000000000000000000000000000000000000000000000000000000000000000000000000000000000000000000000000000000000000000000000000------------------------------------------------------------------------------------------------------------------------------------------------------
_SEEDS_011111111001111111111111111111111111000000000000000000000000000000000000000000000000000000000000000000000000000000000000000000000000000000000000000000100000000001111111111000000000001111000000000000000000000000000000000000000000000000000000000000000000000000000000000000000000000000000000000000000000000000000000000000000000000000000000000000000000000000000000000000000000000000000000000000000000000000000000000000000000000000000000000000000000000000000000000000000000000000000000000000000000000000000000000000000000000000000000000000000000000000000000000000000000000000000000000000000000000000000000011110000000000000000000000000000000000000000000000000000000000000000000000000000000000000000000000000000000000000000000000000000000000000000000000000111111111111111111111111111111111111000000000000000000000000000000000000000000000000000000000000000000000000000000000000000000000000000000000000000000-000000000099999aaaaa0llllopqrqropmn------------------------------------------------------------------------------------------------------------------000000000000000000000000000000000000000000000000000000000000000000000000000000000000000000000000000000000000000000000000000000000000000000000000000000------------------------------------------------------------------------------------------------------------------------------------------------------;1.0;0.07771825396825383;0.2424522975578698;0.952705194281612;0.9753846232722202;0.09527911274913495;0.5572565803048485;0.07771825396825383;0.07771825396825383;-1;111111111111111111111111111111111111100000000000000000000000000000000000000000000000000000000000000000000000000000000000000000000000000000000000000000000000000000000000000000000000000000000000000000000000000000000000000000000000000000000000000000000000000000000000000000000000000000000000000000000000000100011100111010010110111001000011000000000000000000000000000000000000000000000000000000000000000000000000000000000000000000000000000000000000000000110000100001010100100010000000010000000000000000000000000000000000000000000000000000000000000000000000000000000000000000000000000000000000000000000000000000000000000000000000000000000000000000000000000000000000000000000000000000000000000000000000000000000000000000000000000000000000000000000000000000111111111111111111111111111111111111000000000000000000000000000000000000000000000000000000000000000000000000000000000000000000000000000000000000000000-000000000099999aaaaa0llllopqrqropmn------------------------------------------------------------------------------------------------------------------000000000000000000000000000000000000000000000000000000000000000000000000000000000000000000000000000000000000000000000000000000000000000000000000000000------------------------------------------------------------------------------------------------------------------------------------------------------
_SEEDS_011111111001111111111111111111111111000000000000000000000000000000000000000000000000000000000000000000000000000000000000000000000000000000000000000000100000000001111111111000000000001111000000000000000000000000000000000000000000000000000000000000000000000000000000000000000000000000000000000000000000000000000000000000000000000000000000000000000000000000000000000000000000000000000000000000000000000000000000000000000000000000000000000000000000000000000000000000000000000000000000000000000000000000000000000000000000000000000000000000000000000000000000000000000000000000000000000000000000000000000000011110000000000000000000000000000000000000000000000000000000000000000000000000000000000000000000000000000000000000000000000000000000000000000000000000111111111111111111111111111111111111000000000000000000000000000000000000000000000000000000000000000000000000000000000000000000000000000000000000000000-000000000099999aaaaa0llllopqrqropmn------------------------------------------------------------------------------------------------------------------000000000000000000000000000000000000000000000000000000000000000000000000000000000000000000000000000000000000000000000000000000000000000000000000000000------------------------------------------------------------------------------------------------------------------------------------------------------;1.0;0.07744047619047623;0.13847227630347214;0.9555011406790642;0.9733861196235456;0.07758253555028546;0.5370637580578074;0.07744047619047623;0.07744047619047623;-1;111111111111111111111111111111111111000000000000000000000000000000000000000000000000000000000000000000000000000000000000000000000000000000000000000000000000000000000000000000000000000000000000000000000000000000000000000000000000000000000000000000000000000000000000000000000000000000000000000000000000101100010001111001111111110010000001000000000000000000000000000000000000000000000000000000000000000000000000000000000000000000000000000000000000000000110000001000000001100000000000101110000000000000000000000000000000000000000000000000000000000000000000000000000000000000000000000000000000000000000000000000000000000000000000000000000000000000000000000000000000000000000000000000000000000000000000000000000000000000000000000000000000000000000000000000111111111111111111111111111111111111000000000000000000000000000000000000000000000000000000000000000000000000000000000000000000000000000000000000000000-000000000099999aaaaa0llllopqrqropmn------------------------------------------------------------------------------------------------------------------000000000000000000000000000000000000000000000000000000000000000000000000000000000000000000000000000000000000000000000000000000000000000000000000000000------------------------------------------------------------------------------------------------------------------------------------------------------
_SEEDS_011111111001111111111111111111111111000000000000000000000000000000000000000000000000000000000000000000000000000000000000000000000000000000000000000000100000000001111111111000000000001111000000000000000000000000000000000000000000000000000000000000000000000000000000000000000000000000000000000000000000000000000000000000000000000000000000000000000000000000000000000000000000000000000000000000000000000000000000000000000000000000000000000000000000000000000000000000000000000000000000000000000000000000000000000000000000000000000000000000000000000000000000000000000000000000000000000000000000000000000000011110000000000000000000000000000000000000000000000000000000000000000000000000000000000000000000000000000000000000000000000000000000000000000000000000111111111111111111111111111111111111000000000000000000000000000000000000000000000000000000000000000000000000000000000000000000000000000000000000000000-000000000099999aaaaa0llllopqrqropmn------------------------------------------------------------------------------------------------------------------000000000000000000000000000000000000000000000000000000000000000000000000000000000000000000000000000000000000000000000000000000000000000000000000000000------------------------------------------------------------------------------------------------------------------------------------------------------;1.0;0.08579365079365087;0.19015580576420876;0.9448889881126723;0.9720179057236042;0.1030852365077091;0.5493235978169743;0.08579365079365087;0.08579365079365087;-1;111111111111110111111111111110111111000000000000000000000000000000000000000000000000000000000000000000000000000000000000000000000000000000000000000000000000000000000000000000000000000000000000000000000000000000000000000000000000000000000000000000000000000000000000000000000000000000000000000000000000001111111101001001111000001000000101000000000000000000000000000000000000000000000000000000000000000000000000000000000000000000000000000000000000000000001000010000110010000000000001000000000000000000000000000000000000000000000000000000000000000000000000000000000000000000000000000000000000000000000000000000000000000000000000000000000000000000000000000000000000000000000000000000000000000000000000000000000000000000000000000000000000000000000000000000111111111111111111111111111111111111000000000000000000000000000000000000000000000000000000000000000000000000000000000000000000000000000000000000000000-000000000099999aaaaa0llllopqrqropmn------------------------------------------------------------------------------------------------------------------000000000000000000000000000000000000000000000000000000000000000000000000000000000000000000000000000000000000000000000000000000000000000000000000000000------------------------------------------------------------------------------------------------------------------------------------------------------
_SEEDS_011111111001111111111111111111111111000000000000000000000000000000000000000000000000000000000000000000000000000000000000000000000000000000000000000000100000000001111111111000000000001111000000000000000000000000000000000000000000000000000000000000000000000000000000000000000000000000000000000000000000000000000000000000000000000000000000000000000000000000000000000000000000000000000000000000000000000000000000000000000000000000000000000000000000000000000000000000000000000000000000000000000000000000000000000000000000000000000000000000000000000000000000000000000000000000000000000000000000000000000000011110000000000000000000000000000000000000000000000000000000000000000000000000000000000000000000000000000000000000000000000000000000000000000000000000111111111111111111111111111111111111000000000000000000000000000000000000000000000000000000000000000000000000000000000000000000000000000000000000000000-000000000099999aaaaa0llllopqrqropmn------------------------------------------------------------------------------------------------------------------000000000000000000000000000000000000000000000000000000000000000000000000000000000000000000000000000000000000000000000000000000000000000000000000000000------------------------------------------------------------------------------------------------------------------------------------------------------;1.0;0.08156746031746032;0.10476730408285717;0.9578698787011609;0.9769568452547294;0.08263530752969765;0.5339661326476509;0.08156746031746032;0.08156746031746032;-1;111111111111111111111111111111111111000000000000000000000000000000000000000000000000000000000000000000000000000000000000000000000000000000000000000000000000000000000000000000000000000000000000000000000000000000000000000000000000000000000000000000000000000000000000000000000000000000000000000000000000011001010001011011010000011001110101000000000000000000000000000000000000000000000000000000000000000000000000000000000000000000000000000000000000000000000000000001001000000011100010100101000000000000000000000000000000000000000000000000000000000000000000000000000000000000000000000000000000000000000000000000000000000000000000000000000000000000000000000000000000000000000000000000000000000000000000000000000000000000000000000000000000000000000000000000111111111111111111111111111111111111000000000000000000000000000000000000000000000000000000000000000000000000000000000000000000000000000000000000000000-000000000099999aaaaa0llllopqrqropmn------------------------------------------------------------------------------------------------------------------000000000000000000000000000000000000000000000000000000000000000000000000000000000000000000000000000000000000000000000000000000000000000000000000000000------------------------------------------------------------------------------------------------------------------------------------------------------
_SEEDS_011111111001111111111111111111111111000000000000000000000000000000000000000000000000000000000000000000000000000000000000000000000000000000000000000000100000000001111111111000000000001111000000000000000000000000000000000000000000000000000000000000000000000000000000000000000000000000000000000000000000000000000000000000000000000000000000000000000000000000000000000000000000000000000000000000000000000000000000000000000000000000000000000000000000000000000000000000000000000000000000000000000000000000000000000000000000000000000000000000000000000000000000000000000000000000000000000000000000000000000000011110000000000000000000000000000000000000000000000000000000000000000000000000000000000000000000000000000000000000000000000000000000000000000000000000111111111111111111111111111111111111000000000000000000000000000000000000000000000000000000000000000000000000000000000000000000000000000000000000000000-000000000099999aaaaa0llllopqrqropmn------------------------------------------------------------------------------------------------------------------000000000000000000000000000000000000000000000000000000000000000000000000000000000000000000000000000000000000000000000000000000000000000000000000000000------------------------------------------------------------------------------------------------------------------------------------------------------;1.0;0.09246031746031724;0.19126412330062093;0.958169890619581;0.9767793756592095;0.06150643935295853;0.5466966910654478;0.09246031746031724;0.09246031746031724;-1;111111111111111111111111111110111111100000000000000000000000000000000000000000000000000000000000000000000000000000000000000000000000000000000000000000000000000000000000000000000000000000000000000000000000000000000000000000000000000000000000000000000000000000000000000000000000000000000000000000000000100101000000110000010100000110010101000000000000000000000000000000000000000000000000000000000000000000000000000000000000000000000000000000000000000000010000000001000100000000110001010000000000000000000000000000000000000000000000000000000000000000000000000000000000000000000000000000000000000000000000000000000000000000000000000000000000000000000000000000000000000000000000000000000000000000000000000000000000000000000000000000000000000000000000000000111111111111111111111111111111111111000000000000000000000000000000000000000000000000000000000000000000000000000000000000000000000000000000000000000000-000000000099999aaaaa0llllopqrqropmn------------------------------------------------------------------------------------------------------------------000000000000000000000000000000000000000000000000000000000000000000000000000000000000000000000000000000000000000000000000000000000000000000000000000000------------------------------------------------------------------------------------------------------------------------------------------------------
_SEEDS_011111111001111111111111111111111111000000000000000000000000000000000000000000000000000000000000000000000000000000000000000000000000000000000000000000100000000001111111111000000000001111000000000000000000000000000000000000000000000000000000000000000000000000000000000000000000000000000000000000000000000000000000000000000000000000000000000000000000000000000000000000000000000000000000000000000000000000000000000000000000000000000000000000000000000000000000000000000000000000000000000000000000000000000000000000000000000000000000000000000000000000000000000000000000000000000000000000000000000000000000011110000000000000000000000000000000000000000000000000000000000000000000000000000000000000000000000000000000000000000000000000000000000000000000000000111111111111111111111111111111111111000000000000000000000000000000000000000000000000000000000000000000000000000000000000000000000000000000000000000000-000000000099999aaaaa0llllopqrqropmn------------------------------------------------------------------------------------------------------------------000000000000000000000000000000000000000000000000000000000000000000000000000000000000000000000000000000000000000000000000000000000000000000000000000000------------------------------------------------------------------------------------------------------------------------------------------------------;1.0;0.09636904761904763;0.19349137096099944;0.9500591782233005;0.9653111103730927;0.09860626426899073;0.5506394952409052;0.09636904761904763;0.09636904761904763;-1;111111111111111111111101101011111111000000000000000000000000000000000000000000000000000000000000000000000000000000000000000000000000000000000000000000000000000000000000000000000000000000000000000000000000000000000000000000000000000000000000000000000000000000000000000000000000000000000000000000000000010100010011100101100011011100000011000000000000000000000000000000000000000000000000000000000000000000000000000000000000000000000000000000000000000000000010000000000000100100001100011000000000000000000000000000000000000000000000000000000000000000000000000000000000000000000000000000000000000000000000000000000000000000000000000000000000000000000000000000000000000000000000000000000000000000000000000000000000000000000000000000000000000000000000000000111111111111111111111111111111111111000000000000000000000000000000000000000000000000000000000000000000000000000000000000000000000000000000000000000000-000000000099999aaaaa0llllopqrqropmn------------------------------------------------------------------------------------------------------------------000000000000000000000000000000000000000000000000000000000000000000000000000000000000000000000000000000000000000000000000000000000000000000000000000000------------------------------------------------------------------------------------------------------------------------------------------------------
_SEEDS_011111111001111111111111111111111111000000000000000000000000000000000000000000000000000000000000000000000000000000000000000000000000000000000000000000100000000001111111111000000000001111000000000000000000000000000000000000000000000000000000000000000000000000000000000000000000000000000000000000000000000000000000000000000000000000000000000000000000000000000000000000000000000000000000000000000000000000000000000000000000000000000000000000000000000000000000000000000000000000000000000000000000000000000000000000000000000000000000000000000000000000000000000000000000000000000000000000000000000000000000011110000000000000000000000000000000000000000000000000000000000000000000000000000000000000000000000000000000000000000000000000000000000000000000000000111111111111111111111111111111111111000000000000000000000000000000000000000000000000000000000000000000000000000000000000000000000000000000000000000000-000000000099999aaaaa0llllopqrqropmn------------------------------------------------------------------------------------------------------------------000000000000000000000000000000000000000000000000000000000000000000000000000000000000000000000000000000000000000000000000000000000000000000000000000000------------------------------------------------------------------------------------------------------------------------------------------------------;1.0;0.078809523809524;0.19971453973273634;0.95385617010746;0.981920044371458;0.11219333836869157;0.554415602731645;0.078809523809524;0.078809523809524;-1;111111011111111111111111111111111111000000000000000000000000000000000000000000000000000000000000000000000000000000000000000000000000000000000000000000000000000000000000000000000000000000000000000000000000000000000000000000000000000000000000000000000000000000000000000000000000000000000000000000000000000111100111101100000101101000001011000000000000000000000000000000000000000000000000000000000000000000000000000000000000000000000000000000000000000000100000001001000111010000010001010000000000000000000000000000000000000000000000000000000000000000000000000000000000000000000000000000000000000000000000000000000000000000000000000000000000000000000000000000000000000000000000000000000000000000000000000000000000000000000000000000000000000000000000000000111111111111111111111111111111111111000000000000000000000000000000000000000000000000000000000000000000000000000000000000000000000000000000000000000000-000000000099999aaaaa0llllopqrqropmn------------------------------------------------------------------------------------------------------------------000000000000000000000000000000000000000000000000000000000000000000000000000000000000000000000000000000000000000000000000000000000000000000000000000000------------------------------------------------------------------------------------------------------------------------------------------------------
_SEEDS_011111111001111111111111111111111111000000000000000000000000000000000000000000000000000000000000000000000000000000000000000000000000000000000000000000100000000001111111111000000000001111000000000000000000000000000000000000000000000000000000000000000000000000000000000000000000000000000000000000000000000000000000000000000000000000000000000000000000000000000000000000000000000000000000000000000000000000000000000000000000000000000000000000000000000000000000000000000000000000000000000000000000000000000000000000000000000000000000000000000000000000000000000000000000000000000000000000000000000000000000011110000000000000000000000000000000000000000000000000000000000000000000000000000000000000000000000000000000000000000000000000000000000000000000000000111111111111111111111111111111111111000000000000000000000000000000000000000000000000000000000000000000000000000000000000000000000000000000000000000000-000000000099999aaaaa0llllopqrqropmn------------------------------------------------------------------------------------------------------------------000000000000000000000000000000000000000000000000000000000000000000000000000000000000000000000000000000000000000000000000000000000000000000000000000000------------------------------------------------------------------------------------------------------------------------------------------------------;1.0;0.08376984126984133;0.052843065114198784;0.9631653009284589;0.9857989847509573;0.07046527932722109;0.5260070785651129;0.08376984126984133;0.08376984126984133;-1;111111111111111111111111111111111111000000000000000000000000000000000000000000000000000000000000000000000000000000000000000000000000000000000000000000000000000000000000000000000000000000000000000000000000000000000000000000000000000000000000000000000000000000000000000000000000000000000000000000000000010001011001100001000110010001000010000000000000000000000000000000000000000000000000000000000000000000000000000000000000000000000000000000000000000000000000100100011100001001000100000100000000000000000000000000000000000000000000000000000000000000000000000000000000000000000000000000000000000000000000000000000000000000000000000000000000000000000000000000000000000000000000000000000000000000000000000000000000000000000000000000000000000000000000000000111111111111111111111111111111111111000000000000000000000000000000000000000000000000000000000000000000000000000000000000000000000000000000000000000000-000000000099999aaaaa0llllopqrqropmn------------------------------------------------------------------------------------------------------------------000000000000000000000000000000000000000000000000000000000000000000000000000000000000000000000000000000000000000000000000000000000000000000000000000000------------------------------------------------------------------------------------------------------------------------------------------------------
_SEEDS_011111111001111111111111111111111111000000000000000000000000000000000000000000000000000000000000000000000000000000000000000000000000000000000000000000100000000001111111111000000000001111000000000000000000000000000000000000000000000000000000000000000000000000000000000000000000000000000000000000000000000000000000000000000000000000000000000000000000000000000000000000000000000000000000000000000000000000000000000000000000000000000000000000000000000000000000000000000000000000000000000000000000000000000000000000000000000000000000000000000000000000000000000000000000000000000000000000000000000000000000011110000000000000000000000000000000000000000000000000000000000000000000000000000000000000000000000000000000000000000000000000000000000000000000000000111111111111111111111111111111111111000000000000000000000000000000000000000000000000000000000000000000000000000000000000000000000000000000000000000000-000000000099999aaaaa0llllopqrqropmn------------------------------------------------------------------------------------------------------------------000000000000000000000000000000000000000000000000000000000000000000000000000000000000000000000000000000000000000000000000000000000000000000000000000000------------------------------------------------------------------------------------------------------------------------------------------------------;1.0;0.06835317460317458;0.19353007881863815;0.9419847889664823;0.9732945136556406;0.12262257854047551;0.549964189097402;0.06835317460317458;0.06835317460317458;-1;111111111111111111101111111111111111000000000000000000000000000000000000000000000000000000000000000000000000000000000000000000000000000000000000000000000000000000000000000000000000000000000000000000000000000000000000000000000000000000000000000000000000000000000000000000000000000000000000000000000000111000111000110010111010000100010010000000000000000000000000000000000000000000000000000000000000000000000000000000000000000000000000000000000000000000000111001101000100100100100010000100000000000000000000000000000000000000000000000000000000000000000000000000000000000000000000000000000000000000000000000000000000000000000000000000000000000000000000000000000000000000000000000000000000000000000000000000000000000000000000000000000000000000000000000000111111111111111111111111111111111111000000000000000000000000000000000000000000000000000000000000000000000000000000000000000000000000000000000000000000-000000000099999aaaaa0llllopqrqropmn------------------------------------------------------------------------------------------------------------------000000000000000000000000000000000000000000000000000000000000000000000000000000000000000000000000000000000000000000000000000000000000000000000000000000------------------------------------------------------------------------------------------------------------------------------------------------------
_SEEDS_011111111001111111111111111111111111000000000000000000000000000000000000000000000000000000000000000000000000000000000000000000000000000000000000000000100000000001111111111000000000001111000000000000000000000000000000000000000000000000000000000000000000000000000000000000000000000000000000000000000000000000000000000000000000000000000000000000000000000000000000000000000000000000000000000000000000000000000000000000000000000000000000000000000000000000000000000000000000000000000000000000000000000000000000000000000000000000000000000000000000000000000000000000000000000000000000000000000000000000000000011110000000000000000000000000000000000000000000000000000000000000000000000000000000000000000000000000000000000000000000000000000000000000000000000000111111111111111111111111111111111111000000000000000000000000000000000000000000000000000000000000000000000000000000000000000000000000000000000000000000-000000000099999aaaaa0llllopqrqropmn------------------------------------------------------------------------------------------------------------------000000000000000000000000000000000000000000000000000000000000000000000000000000000000000000000000000000000000000000000000000000000000000000000000000000------------------------------------------------------------------------------------------------------------------------------------------------------;1.0;0.08134920634920628;0.07945253682019027;0.9542508285674145;0.9761548666643448;0.08355781563039635;0.529127542338592;0.08134920634920628;0.08134920634920628;-1;111111111111111111011111111111111111000000000000000000000000000000000000000000000000000000000000000000000000000000000000000000000000000000000000000000000000000000000000000000000000000000000000000000000000000000000000000000000000000000000000000000000000000000000000000000000000000000000000000000000000000001100110101101100111001000100010000000000000000000000000000000000000000000000000000000000000000000000000000000000000000000000000000000000000000000000000010001001000101100000011100100000000000000000000000000000000000000000000000000000000000000000000000000000000000000000000000000000000000000000000000000000000000000000000000000000000000000000000000000000000000000000000000000000000000000000000000000000000000000000000000000000000000000000000000000111111111111111111111111111111111111000000000000000000000000000000000000000000000000000000000000000000000000000000000000000000000000000000000000000000-000000000099999aaaaa0llllopqrqropmn------------------------------------------------------------------------------------------------------------------000000000000000000000000000000000000000000000000000000000000000000000000000000000000000000000000000000000000000000000000000000000000000000000000000000------------------------------------------------------------------------------------------------------------------------------------------------------
_SEEDS_011111111001111111111111111111111111000000000000000000000000000000000000000000000000000000000000000000000000000000000000000000000000000000000000000000100000000001111111111000000000001111000000000000000000000000000000000000000000000000000000000000000000000000000000000000000000000000000000000000000000000000000000000000000000000000000000000000000000000000000000000000000000000000000000000000000000000000000000000000000000000000000000000000000000000000000000000000000000000000000000000000000000000000000000000000000000000000000000000000000000000000000000000000000000000000000000000000000000000000000000011110000000000000000000000000000000000000000000000000000000000000000000000000000000000000000000000000000000000000000000000000000000000000000000000000111111111111111111111111111111111111000000000000000000000000000000000000000000000000000000000000000000000000000000000000000000000000000000000000000000-000000000099999aaaaa0llllopqrqropmn------------------------------------------------------------------------------------------------------------------000000000000000000000000000000000000000000000000000000000000000000000000000000000000000000000000000000000000000000000000000000000000000000000000000000------------------------------------------------------------------------------------------------------------------------------------------------------;1.0;0.09285714285714297;0.19754447667098995;0.9571692700474681;0.9772095386071638;0.11207893444575089;0.5561432271047526;0.09285714285714297;0.09285714285714297;-1;111111101111111111111111111111101111000000000000000000000000000000000000000000000000000000000000000000000000000000000000000000000000000000000000000000000000000000000000000000000000000000000000000000000000000000000000000000000000000000000000000000000000000000000000000000000000000000000000000000000000100100010110110011000100111100011100000000000000000000000000000000000000000000000000000000000000000000000000000000000000000000000000000000000000000000010000000000000000110000000101000010000000000000000000000000000000000000000000000000000000000000000000000000000000000000000000000000000000000000000000000000000000000000000000000000000000000000000000000000000000000000000000000000000000000000000000000000000000000000000000000000000000000000000000000000111111111111111111111111111111111111000000000000000000000000000000000000000000000000000000000000000000000000000000000000000000000000000000000000000000-000000000099999aaaaa0llllopqrqropmn------------------------------------------------------------------------------------------------------------------000000000000000000000000000000000000000000000000000000000000000000000000000000000000000000000000000000000000000000000000000000000000000000000000000000------------------------------------------------------------------------------------------------------------------------------------------------------
_SEEDS_011111111001111111111111111111111111000000000000000000000000000000000000000000000000000000000000000000000000000000000000000000000000000000000000000000100000000001111111111000000000001111000000000000000000000000000000000000000000000000000000000000000000000000000000000000000000000000000000000000000000000000000000000000000000000000000000000000000000000000000000000000000000000000000000000000000000000000000000000000000000000000000000000000000000000000000000000000000000000000000000000000000000000000000000000000000000000000000000000000000000000000000000000000000000000000000000000000000000000000000000011110000000000000000000000000000000000000000000000000000000000000000000000000000000000000000000000000000000000000000000000000000000000000000000000000111111111111111111111111111111111111000000000000000000000000000000000000000000000000000000000000000000000000000000000000000000000000000000000000000000-000000000099999aaaaa0llllopqrqropmn------------------------------------------------------------------------------------------------------------------000000000000000000000000000000000000000000000000000000000000000000000000000000000000000000000000000000000000000000000000000000000000000000000000000000------------------------------------------------------------------------------------------------------------------------------------------------------;1.0;0.08017857142857154;0.09052528390176706;0.9563183838756326;0.9789791598952278;0.06472509189310621;0.5284544151657176;0.08017857142857154;0.08017857142857154;-1;111111111111111111111111111111111111000000000000000000000000000000000000000000000000000000000000000000000000000000000000000000000000000000000000000000000000000000000000000000000000000000000000000000000000000000000000000000000000000000000000000000000000000000000000000000000000000000000000000000000000100100001001110100000000111010001010000000000000000000000000000000000000000000000000000000000000000000000000000000000000000000000000000000000000000000001000001000000000000111010001100000000000000000000000000000000000000000000000000000000000000000000000000000000000000000000000000000000000000000000000000000000000000000000000000000000000000000000000000000000000000000000000000000000000000000000000000000000000000000000000000000000000000000000000000000111111111111111111111111111111111111000000000000000000000000000000000000000000000000000000000000000000000000000000000000000000000000000000000000000000-000000000099999aaaaa0llllopqrqropmn------------------------------------------------------------------------------------------------------------------000000000000000000000000000000000000000000000000000000000000000000000000000000000000000000000000000000000000000000000000000000000000000000000000000000------------------------------------------------------------------------------------------------------------------------------------------------------
_SEEDS_011111111001111111111111111111111111000000000000000000000000000000000000000000000000000000000000000000000000000000000000000000000000000000000000000000100000000001111111111000000000001111000000000000000000000000000000000000000000000000000000000000000000000000000000000000000000000000000000000000000000000000000000000000000000000000000000000000000000000000000000000000000000000000000000000000000000000000000000000000000000000000000000000000000000000000000000000000000000000000000000000000000000000000000000000000000000000000000000000000000000000000000000000000000000000000000000000000000000000000000000011110000000000000000000000000000000000000000000000000000000000000000000000000000000000000000000000000000000000000000000000000000000000000000000000000111111111111111111111111111111111111000000000000000000000000000000000000000000000000000000000000000000000000000000000000000000000000000000000000000000-000000000099999aaaaa0llllopqrqropmn------------------------------------------------------------------------------------------------------------------000000000000000000000000000000000000000000000000000000000000000000000000000000000000000000000000000000000000000000000000000000000000000000000000000000------------------------------------------------------------------------------------------------------------------------------------------------------;1.0;0.07281746031746039;0.1604777382953484;0.9602031256368453;0.9848876363045784;0.09196633176799071;0.5450587153870371;0.07281746031746039;0.07281746031746039;-1;111111111111111111111111111111111111100000000000000000000000000000000000000000000000000000000000000000000000000000000000000000000000000000000000000000000000000000000000000000000000000000000000000000000000000000000000000000000000000000000000000000000000000000000000000000000000000000000000000000000000100111110100100100000101010010000001000000000000000000000000000000000000000000000000000000000000000000000000000000000000000000000000000000000000000000000001001011011000000000000000010010000000000000000000000000000000000000000000000000000000000000000000000000000000000000000000000000000000000000000000000000000000000000000000000000000000000000000000000000000000000000000000000000000000000000000000000000000000000000000000000000000000000000000000000000111111111111111111111111111111111111000000000000000000000000000000000000000000000000000000000000000000000000000000000000000000000000000000000000000000-000000000099999aaaaa0llllopqrqropmn------------------------------------------------------------------------------------------------------------------000000000000000000000000000000000000000000000000000000000000000000000000000000000000000000000000000000000000000000000000000000000000000000000000000000------------------------------------------------------------------------------------------------------------------------------------------------------
_SEEDS_011111111001111111111111111111111111000000000000000000000000000000000000000000000000000000000000000000000000000000000000000000000000000000000000000000100000000001111111111000000000001111000000000000000000000000000000000000000000000000000000000000000000000000000000000000000000000000000000000000000000000000000000000000000000000000000000000000000000000000000000000000000000000000000000000000000000000000000000000000000000000000000000000000000000000000000000000000000000000000000000000000000000000000000000000000000000000000000000000000000000000000000000000000000000000000000000000000000000000000000000011110000000000000000000000000000000000000000000000000000000000000000000000000000000000000000000000000000000000000000000000000000000000000000000000000111111111111111111111111111111111111000000000000000000000000000000000000000000000000000000000000000000000000000000000000000000000000000000000000000000-000000000099999aaaaa0llllopqrqropmn------------------------------------------------------------------------------------------------------------------000000000000000000000000000000000000000000000000000000000000000000000000000000000000000000000000000000000000000000000000000000000000000000000000000000------------------------------------------------------------------------------------------------------------------------------------------------------;1.0;0.082420634920635;0.13823491716443714;0.9563123587344793;0.9788912091627755;0.08162381014383416;0.5395804883543602;0.082420634920635;0.082420634920635;-1;111111111111111111111111111111111111000000000000000000000000000000000000000000000000000000000000000000000000000000000000000000000000000000000000000000000000000000000000000000000000000000000000000000000000000000000000000000000000000000000000000000000000000000000000000000000000000000000000000000000000011010111010110110011001010000011000000000000000000000000000000000000000000000000000000000000000000000000000000000000000000000000000000000000000000000100110000000000000000010001000000111000000000000000000000000000000000000000000000000000000000000000000000000000000000000000000000000000000000000000000000000000000000000000000000000000000000000000000000000000000000000000000000000000000000000000000000000000000000000000000000000000000000000000000000000111111111111111111111111111111111111000000000000000000000000000000000000000000000000000000000000000000000000000000000000000000000000000000000000000000-000000000099999aaaaa0llllopqrqropmn------------------------------------------------------------------------------------------------------------------000000000000000000000000000000000000000000000000000000000000000000000000000000000000000000000000000000000000000000000000000000000000000000000000000000------------------------------------------------------------------------------------------------------------------------------------------------------
_SEEDS_011111111001111111111111111111111111000000000000000000000000000000000000000000000000000000000000000000000000000000000000000000000000000000000000000000100000000001111111111000000000001111000000000000000000000000000000000000000000000000000000000000000000000000000000000000000000000000000000000000000000000000000000000000000000000000000000000000000000000000000000000000000000000000000000000000000000000000000000000000000000000000000000000000000000000000000000000000000000000000000000000000000000000000000000000000000000000000000000000000000000000000000000000000000000000000000000000000000000000000000000011110000000000000000000000000000000000000000000000000000000000000000000000000000000000000000000000000000000000000000000000000000000000000000000000000111111111111111111111111111111111111000000000000000000000000000000000000000000000000000000000000000000000000000000000000000000000000000000000000000000-000000000099999aaaaa0llllopqrqropmn------------------------------------------------------------------------------------------------------------------000000000000000000000000000000000000000000000000000000000000000000000000000000000000000000000000000000000000000000000000000000000000000000000000000000------------------------------------------------------------------------------------------------------------------------------------------------------;1.0;0.09890873015873014;0.09095318235905625;0.9607335978853007;0.9845953824064768;0.15013997524541597;0.5475551446758299;0.09890873015873014;0.09890873015873014;-1;111111101111101111111111111111111111000000000000000000000000000000000000000000000000000000000000000000000000000000000000000000000000000000000000000000000000000000000000000000000000000000000000000000000000000000000000000000000000000000000000000000000000000000000000000000000000000000000000000000000000000010110010000011010010100101100010000000000000000000000000000000000000000000000000000000000000000000000000000000000000000000000000000000000000000000000000010001010000100000001001000100000000000000000000000000000000000000000000000000000000000000000000000000000000000000000000000000000000000000000000000000000000000000000000000000000000000000000000000000000000000000000000000000000000000000000000000000000000000000000000000000000000000000000000000000111111111111111111111111111111111111000000000000000000000000000000000000000000000000000000000000000000000000000000000000000000000000000000000000000000-000000000099999aaaaa0llllopqrqropmn------------------------------------------------------------------------------------------------------------------000000000000000000000000000000000000000000000000000000000000000000000000000000000000000000000000000000000000000000000000000000000000000000000000000000------------------------------------------------------------------------------------------------------------------------------------------------------
_SEEDS_011111111001111111111111111111111111000000000000000000000000000000000000000000000000000000000000000000000000000000000000000000000000000000000000000000100000000001111111111000000000001111000000000000000000000000000000000000000000000000000000000000000000000000000000000000000000000000000000000000000000000000000000000000000000000000000000000000000000000000000000000000000000000000000000000000000000000000000000000000000000000000000000000000000000000000000000000000000000000000000000000000000000000000000000000000000000000000000000000000000000000000000000000000000000000000000000000000000000000000000000011110000000000000000000000000000000000000000000000000000000000000000000000000000000000000000000000000000000000000000000000000000000000000000000000000111111111111111111111111111111111111000000000000000000000000000000000000000000000000000000000000000000000000000000000000000000000000000000000000000000-000000000099999aaaaa0llllopqrqropmn------------------------------------------------------------------------------------------------------------------000000000000000000000000000000000000000000000000000000000000000000000000000000000000000000000000000000000000000000000000000000000000000000000000000000------------------------------------------------------------------------------------------------------------------------------------------------------;1.0;0.08188492063492048;0.17689326981401032;0.9572756532253436;0.9844684012163687;0.09122019631811187;0.5486237402014592;0.08188492063492048;0.08188492063492048;-1;111111011111111111111111111111111111100000000000000000000000000000000000000000000000000000000000000000000000000000000000000000000000000000000000000000000000000000000000000000000000000000000000000000000000000000000000000000000000000000000000000000000000000000000000000000000000000000000000000000000000100110111111101001001110011000001000000000000000000000000000000000000000000000000000000000000000000000000000000000000000000000000000000000000000000000000001000001010100110100100100100010000000000000000000000000000000000000000000000000000000000000000000000000000000000000000000000000000000000000000000000000000000000000000000000000000000000000000000000000000000000000000000000000000000000000000000000000000000000000000000000000000000000000000000000000111111111111111111111111111111111111000000000000000000000000000000000000000000000000000000000000000000000000000000000000000000000000000000000000000000-000000000099999aaaaa0llllopqrqropmn------------------------------------------------------------------------------------------------------------------000000000000000000000000000000000000000000000000000000000000000000000000000000000000000000000000000000000000000000000000000000000000000000000000000000------------------------------------------------------------------------------------------------------------------------------------------------------
_SEEDS_011111111001111111111111111111111111000000000000000000000000000000000000000000000000000000000000000000000000000000000000000000000000000000000000000000100000000001111111111000000000001111000000000000000000000000000000000000000000000000000000000000000000000000000000000000000000000000000000000000000000000000000000000000000000000000000000000000000000000000000000000000000000000000000000000000000000000000000000000000000000000000000000000000000000000000000000000000000000000000000000000000000000000000000000000000000000000000000000000000000000000000000000000000000000000000000000000000000000000000000000011110000000000000000000000000000000000000000000000000000000000000000000000000000000000000000000000000000000000000000000000000000000000000000000000000111111111111111111111111111111111111000000000000000000000000000000000000000000000000000000000000000000000000000000000000000000000000000000000000000000-000000000099999aaaaa0llllopqrqropmn------------------------------------------------------------------------------------------------------------------000000000000000000000000000000000000000000000000000000000000000000000000000000000000000000000000000000000000000000000000000000000000000000000000000000------------------------------------------------------------------------------------------------------------------------------------------------------;1.0;0.06591269841269853;0.1089346251512665;0.9488972945849298;0.9753245353981357;0.08173690994497787;0.5301343439153348;0.06591269841269853;0.06591269841269853;-1;111111111111111111111111111111111111100000000000000000000000000000000000000000000000000000000000000000000000000000000000000000000000000000000000000000000000000000000000000000000000000000000000000000000000000000000000000000000000000000000000000000000000000000000000000000000000000000000000000000000000001000001100011101011110011110110101000000000000000000000000000000000000000000000000000000000000000000000000000000000000000000000000000000000000000000010010010011010010010000000000000000000000000000000000000000000000000000000000000000000000000000000000000000000000000000000000000000000000000000000000000000000000000000000000000000000000000000000000000000000000000000000000000000000000000000000000000000000000000000000000000000000000000000000000000000111111111111111111111111111111111111000000000000000000000000000000000000000000000000000000000000000000000000000000000000000000000000000000000000000000-000000000099999aaaaa0llllopqrqropmn------------------------------------------------------------------------------------------------------------------000000000000000000000000000000000000000000000000000000000000000000000000000000000000000000000000000000000000000000000000000000000000000000000000000000------------------------------------------------------------------------------------------------------------------------------------------------------
_SEEDS_011111111001111111111111111111111111000000000000000000000000000000000000000000000000000000000000000000000000000000000000000000000000000000000000000000100000000001111111111000000000001111000000000000000000000000000000000000000000000000000000000000000000000000000000000000000000000000000000000000000000000000000000000000000000000000000000000000000000000000000000000000000000000000000000000000000000000000000000000000000000000000000000000000000000000000000000000000000000000000000000000000000000000000000000000000000000000000000000000000000000000000000000000000000000000000000000000000000000000000000000011110000000000000000000000000000000000000000000000000000000000000000000000000000000000000000000000000000000000000000000000000000000000000000000000000111111111111111111111111111111111111000000000000000000000000000000000000000000000000000000000000000000000000000000000000000000000000000000000000000000-000000000099999aaaaa0llllopqrqropmn------------------------------------------------------------------------------------------------------------------000000000000000000000000000000000000000000000000000000000000000000000000000000000000000000000000000000000000000000000000000000000000000000000000000000------------------------------------------------------------------------------------------------------------------------------------------------------;1.0;0.08142857142857152;0.11545492871260687;0.9467875105220643;0.9676971505944996;0.1037766517522963;0.5358574688350064;0.08142857142857152;0.08142857142857152;-1;111111111111111111111111111111110011000000000000000000000000000000000000000000000000000000000000000000000000000000000000000000000000000000000000000000000000000000000000000000000000000000000000000000000000000000000000000000000000000000000000000000000000000000000000000000000000000000000000000000000000010111010110001001100011111000001110000000000000000000000000000000000000000000000000000000000000000000000000000000000000000000000000000000000000000000001000001001010010000100010010010001000000000000000000000000000000000000000000000000000000000000000000000000000000000000000000000000000000000000000000000000000000000000000000000000000000000000000000000000000000000000000000000000000000000000000000000000000000000000000000000000000000000000000000000000111111111111111111111111111111111111000000000000000000000000000000000000000000000000000000000000000000000000000000000000000000000000000000000000000000-000000000099999aaaaa0llllopqrqropmn------------------------------------------------------------------------------------------------------------------000000000000000000000000000000000000000000000000000000000000000000000000000000000000000000000000000000000000000000000000000000000000000000000000000000------------------------------------------------------------------------------------------------------------------------------------------------------
_SEEDS_011111111001111111111111111111111111000000000000000000000000000000000000000000000000000000000000000000000000000000000000000000000000000000000000000000100000000001111111111000000000001111000000000000000000000000000000000000000000000000000000000000000000000000000000000000000000000000000000000000000000000000000000000000000000000000000000000000000000000000000000000000000000000000000000000000000000000000000000000000000000000000000000000000000000000000000000000000000000000000000000000000000000000000000000000000000000000000000000000000000000000000000000000000000000000000000000000000000000000000000000011110000000000000000000000000000000000000000000000000000000000000000000000000000000000000000000000000000000000000000000000000000000000000000000000000111111111111111111111111111111111111000000000000000000000000000000000000000000000000000000000000000000000000000000000000000000000000000000000000000000-000000000099999aaaaa0llllopqrqropmn------------------------------------------------------------------------------------------------------------------000000000000000000000000000000000000000000000000000000000000000000000000000000000000000000000000000000000000000000000000000000000000000000000000000000------------------------------------------------------------------------------------------------------------------------------------------------------;1.0;0.08563492063492062;0.14267387701026923;0.9578507588380547;0.9817713008875169;0.14881286321449474;0.5527906200975427;0.08563492063492062;0.08563492063492062;-1;111111111101111101111111111111111111000000000000000000000000000000000000000000000000000000000000000000000000000000000000000000000000000000000000000000000000000000000000000000000000000000000000000000000000000000000000000000000000000000000000000000000000000000000000000000000000000000000000000000000000000101001010100110010010000001100100000000000000000000000000000000000000000000000000000000000000000000000000000000000000000000000000000000000000000000000101110100010011100001100000010110000000000000000000000000000000000000000000000000000000000000000000000000000000000000000000000000000000000000000000000000000000000000000000000000000000000000000000000000000000000000000000000000000000000000000000000000000000000000000000000000000000000000000000000000111111111111111111111111111111111111000000000000000000000000000000000000000000000000000000000000000000000000000000000000000000000000000000000000000000-000000000099999aaaaa0llllopqrqropmn------------------------------------------------------------------------------------------------------------------000000000000000000000000000000000000000000000000000000000000000000000000000000000000000000000000000000000000000000000000000000000000000000000000000000------------------------------------------------------------------------------------------------------------------------------------------------------
_SEEDS_011111111001111111111111111111111111000000000000000000000000000000000000000000000000000000000000000000000000000000000000000000000000000000000000000000100000000001111111111000000000001111000000000000000000000000000000000000000000000000000000000000000000000000000000000000000000000000000000000000000000000000000000000000000000000000000000000000000000000000000000000000000000000000000000000000000000000000000000000000000000000000000000000000000000000000000000000000000000000000000000000000000000000000000000000000000000000000000000000000000000000000000000000000000000000000000000000000000000000000000000011110000000000000000000000000000000000000000000000000000000000000000000000000000000000000000000000000000000000000000000000000000000000000000000000000111111111111111111111111111111111111000000000000000000000000000000000000000000000000000000000000000000000000000000000000000000000000000000000000000000-000000000099999aaaaa0llllopqrqropmn------------------------------------------------------------------------------------------------------------------000000000000000000000000000000000000000000000000000000000000000000000000000000000000000000000000000000000000000000000000000000000000000000000000000000------------------------------------------------------------------------------------------------------------------------------------------------------;1.0;0.0920238095238094;0.19175151353326625;0.9514248011681022;0.9741816658175354;0.11129298297280742;0.5534457955025868;0.0920238095238094;0.0920238095238094;-1;111111111111111101101111111101111111100000000000000000000000000000000000000000000000000000000000000000000000000000000000000000000000000000000000000000000000000000000000000000000000000000000000000000000000000000000000000000000000000000000000000000000000000000000000000000000000000000000000000000000000111000000010010111001101100111001000000000000000000000000000000000000000000000000000000000000000000000000000000000000000000000000000000000000000000000100100100000001000110000000000000000000000000000000000000000000000000000000000000000000000000000000000000000000000000000000000000000000000000000000000000000000000000000000000000000000000000000000000000000000000000000000000000000000000000000000000000000000000000000000000000000000000000000000000000000111111111111111111111111111111111111000000000000000000000000000000000000000000000000000000000000000000000000000000000000000000000000000000000000000000-000000000099999aaaaa0llllopqrqropmn------------------------------------------------------------------------------------------------------------------000000000000000000000000000000000000000000000000000000000000000000000000000000000000000000000000000000000000000000000000000000000000000000000000000000------------------------------------------------------------------------------------------------------------------------------------------------------
_SEEDS_011111111001111111111111111111111111000000000000000000000000000000000000000000000000000000000000000000000000000000000000000000000000000000000000000000100000000001111111111000000000001111000000000000000000000000000000000000000000000000000000000000000000000000000000000000000000000000000000000000000000000000000000000000000000000000000000000000000000000000000000000000000000000000000000000000000000000000000000000000000000000000000000000000000000000000000000000000000000000000000000000000000000000000000000000000000000000000000000000000000000000000000000000000000000000000000000000000000000000000000000011110000000000000000000000000000000000000000000000000000000000000000000000000000000000000000000000000000000000000000000000000000000000000000000000000111111111111111111111111111111111111000000000000000000000000000000000000000000000000000000000000000000000000000000000000000000000000000000000000000000-000000000099999aaaaa0llllopqrqropmn------------------------------------------------------------------------------------------------------------------000000000000000000000000000000000000000000000000000000000000000000000000000000000000000000000000000000000000000000000000000000000000000000000000000000------------------------------------------------------------------------------------------------------------------------------------------------------;1.0;0.08121031746031748;0.2900150800870329;0.9553281953015988;0.9673137024433238;0.08625763926237551;0.5633541557591081;0.08121031746031748;0.08121031746031748;-1;111111111111111111111111111111111110000000000000000000000000000000000000000000000000000000000000000000000000000000000000000000000000000000000000000000000000000000000000000000000000000000000000000000000000000000000000000000000000000000000000000000000000000000000000000000000000000000000000000000000000001100000001111110001001101000101011000000000000000000000000000000000000000000000000000000000000000000000000000000000000000000000000000000000000000000100100100110000100110100101110010100000000000000000000000000000000000000000000000000000000000000000000000000000000000000000000000000000000000000000000000000000000000000000000000000000000000000000000000000000000000000000000000000000000000000000000000000000000000000000000000000000000000000000000000000111111111111111111111111111111111111000000000000000000000000000000000000000000000000000000000000000000000000000000000000000000000000000000000000000000-000000000099999aaaaa0llllopqrqropmn------------------------------------------------------------------------------------------------------------------000000000000000000000000000000000000000000000000000000000000000000000000000000000000000000000000000000000000000000000000000000000000000000000000000000------------------------------------------------------------------------------------------------------------------------------------------------------
_SEEDS_011111111001111111111111111111111111000000000000000000000000000000000000000000000000000000000000000000000000000000000000000000000000000000000000000000100000000001111111111000000000001111000000000000000000000000000000000000000000000000000000000000000000000000000000000000000000000000000000000000000000000000000000000000000000000000000000000000000000000000000000000000000000000000000000000000000000000000000000000000000000000000000000000000000000000000000000000000000000000000000000000000000000000000000000000000000000000000000000000000000000000000000000000000000000000000000000000000000000000000000000011110000000000000000000000000000000000000000000000000000000000000000000000000000000000000000000000000000000000000000000000000000000000000000000000000111111111111111111111111111111111111000000000000000000000000000000000000000000000000000000000000000000000000000000000000000000000000000000000000000000-000000000099999aaaaa0llllopqrqropmn------------------------------------------------------------------------------------------------------------------000000000000000000000000000000000000000000000000000000000000000000000000000000000000000000000000000000000000000000000000000000000000000000000000000000------------------------------------------------------------------------------------------------------------------------------------------------------;1.0;0.07805555555555543;0.24960433002765892;0.9656635960339147;0.9797922383938001;0.08376474868443223;0.5594800781158935;0.07805555555555543;0.07805555555555543;-1;111111111111111111111111111111111111000000000000000000000000000000000000000000000000000000000000000000000000000000000000000000000000000000000000000000000000000000000000000000000000000000000000000000000000000000000000000000000000000000000000000000000000000000000000000000000000000000000000000000000000101000010000000001110001011011001000000000000000000000000000000000000000000000000000000000000000000000000000000000000000000000000000000000000000000000010000100011101100010001000110010000000000000000000000000000000000000000000000000000000000000000000000000000000000000000000000000000000000000000000000000000000000000000000000000000000000000000000000000000000000000000000000000000000000000000000000000000000000000000000000000000000000000000000000000000111111111111111111111111111111111111000000000000000000000000000000000000000000000000000000000000000000000000000000000000000000000000000000000000000000-000000000099999aaaaa0llllopqrqropmn------------------------------------------------------------------------------------------------------------------000000000000000000000000000000000000000000000000000000000000000000000000000000000000000000000000000000000000000000000000000000000000000000000000000000------------------------------------------------------------------------------------------------------------------------------------------------------
_SEEDS_011111111001111111111111111111111111000000000000000000000000000000000000000000000000000000000000000000000000000000000000000000000000000000000000000000100000000001111111111000000000001111000000000000000000000000000000000000000000000000000000000000000000000000000000000000000000000000000000000000000000000000000000000000000000000000000000000000000000000000000000000000000000000000000000000000000000000000000000000000000000000000000000000000000000000000000000000000000000000000000000000000000000000000000000000000000000000000000000000000000000000000000000000000000000000000000000000000000000000000000000011110000000000000000000000000000000000000000000000000000000000000000000000000000000000000000000000000000000000000000000000000000000000000000000000000111111111111111111111111111111111111000000000000000000000000000000000000000000000000000000000000000000000000000000000000000000000000000000000000000000-000000000099999aaaaa0llllopqrqropmn------------------------------------------------------------------------------------------------------------------000000000000000000000000000000000000000000000000000000000000000000000000000000000000000000000000000000000000000000000000000000000000000000000000000000------------------------------------------------------------------------------------------------------------------------------------------------------;1.0;0.07257936507936524;0.06293423564115908;0.9524740100798605;0.9770893305305314;0.06577764791559372;0.5218090982077516;0.07257936507936524;0.07257936507936524;-1;111111111111111111111111111111111111000000000000000000000000000000000000000000000000000000000000000000000000000000000000000000000000000000000000000000000000000000000000000000000000000000000000000000000000000000000000000000000000000000000000000000000000000000000000000000000000000000000000000000000000010000110110111010010111101101101000000000000000000000000000000000000000000000000000000000000000000000000000000000000000000000000000000000000000000000000000000000000100000010000000010110000000000000000000000000000000000000000000000000000000000000000000000000000000000000000000000000000000000000000000000000000000000000000000000000000000000000000000000000000000000000000000000000000000000000000000000000000000000000000000000000000000000000000000000000111111111111111111111111111111111111000000000000000000000000000000000000000000000000000000000000000000000000000000000000000000000000000000000000000000-000000000099999aaaaa0llllopqrqropmn------------------------------------------------------------------------------------------------------------------000000000000000000000000000000000000000000000000000000000000000000000000000000000000000000000000000000000000000000000000000000000000000000000000000000------------------------------------------------------------------------------------------------------------------------------------------------------
_SEEDS_011111111001111111111111111111111111000000000000000000000000000000000000000000000000000000000000000000000000000000000000000000000000000000000000000000100000000001111111111000000000001111000000000000000000000000000000000000000000000000000000000000000000000000000000000000000000000000000000000000000000000000000000000000000000000000000000000000000000000000000000000000000000000000000000000000000000000000000000000000000000000000000000000000000000000000000000000000000000000000000000000000000000000000000000000000000000000000000000000000000000000000000000000000000000000000000000000000000000000000000000011110000000000000000000000000000000000000000000000000000000000000000000000000000000000000000000000000000000000000000000000000000000000000000000000000111111111111111111111111111111111111000000000000000000000000000000000000000000000000000000000000000000000000000000000000000000000000000000000000000000-000000000099999aaaaa0llllopqrqropmn------------------------------------------------------------------------------------------------------------------000000000000000000000000000000000000000000000000000000000000000000000000000000000000000000000000000000000000000000000000000000000000000000000000000000------------------------------------------------------------------------------------------------------------------------------------------------------;1.0;0.08126984126984149;0.1378301437124967;0.9581865071616356;0.9791270189182472;0.06909993041283084;0.5375855735791754;0.08126984126984149;0.08126984126984149;-1;111111111111111111111111111111111111100000000000000000000000000000000000000000000000000000000000000000000000000000000000000000000000000000000000000000000000000000000000000000000000000000000000000000000000000000000000000000000000000000000000000000000000000000000000000000000000000000000000000000000000011000100000001010000000001000001100000000000000000000000000000000000000000000000000000000000000000000000000000000000000000000000000000000000000000000000001010000000011001110010010000101000000000000000000000000000000000000000000000000000000000000000000000000000000000000000000000000000000000000000000000000000000000000000000000000000000000000000000000000000000000000000000000000000000000000000000000000000000000000000000000000000000000000000000000000111111111111111111111111111111111111000000000000000000000000000000000000000000000000000000000000000000000000000000000000000000000000000000000000000000-000000000099999aaaaa0llllopqrqropmn------------------------------------------------------------------------------------------------------------------000000000000000000000000000000000000000000000000000000000000000000000000000000000000000000000000000000000000000000000000000000000000000000000000000000------------------------------------------------------------------------------------------------------------------------------------------------------
_SEEDS_011111111001111111111111111111111111000000000000000000000000000000000000000000000000000000000000000000000000000000000000000000000000000000000000000000100000000001111111111000000000001111000000000000000000000000000000000000000000000000000000000000000000000000000000000000000000000000000000000000000000000000000000000000000000000000000000000000000000000000000000000000000000000000000000000000000000000000000000000000000000000000000000000000000000000000000000000000000000000000000000000000000000000000000000000000000000000000000000000000000000000000000000000000000000000000000000000000000000000000000000011110000000000000000000000000000000000000000000000000000000000000000000000000000000000000000000000000000000000000000000000000000000000000000000000000111111111111111111111111111111111111000000000000000000000000000000000000000000000000000000000000000000000000000000000000000000000000000000000000000000-000000000099999aaaaa0llllopqrqropmn------------------------------------------------------------------------------------------------------------------000000000000000000000000000000000000000000000000000000000000000000000000000000000000000000000000000000000000000000000000000000000000000000000000000000------------------------------------------------------------------------------------------------------------------------------------------------------;1.0;0.09456349206349202;0.08065212755934403;0.9411291594604513;0.9650069143090253;0.10684515688532863;0.5313661417129402;0.09456349206349202;0.09456349206349202;-1;110111111111111110111111111111101111000000000000000000000000000000000000000000000000000000000000000000000000000000000000000000000000000000000000000000000000000000000000000000000000000000000000000000000000000000000000000000000000000000000000000000000000000000000000000000000000000000000000000000000000110010010100111011011100001000111000000000000000000000000000000000000000000000000000000000000000000000000000000000000000000000000000000000000000000000001000001000000000010001010100010101000000000000000000000000000000000000000000000000000000000000000000000000000000000000000000000000000000000000000000000000000000000000000000000000000000000000000000000000000000000000000000000000000000000000000000000000000000000000000000000000000000000000000000000000111111111111111111111111111111111111000000000000000000000000000000000000000000000000000000000000000000000000000000000000000000000000000000000000000000-000000000099999aaaaa0llllopqrqropmn------------------------------------------------------------------------------------------------------------------000000000000000000000000000000000000000000000000000000000000000000000000000000000000000000000000000000000000000000000000000000000000000000000000000000------------------------------------------------------------------------------------------------------------------------------------------------------
_SEEDS_011111111001111111111111111111111111000000000000000000000000000000000000000000000000000000000000000000000000000000000000000000000000000000000000000000100000000001111111111000000000001111000000000000000000000000000000000000000000000000000000000000000000000000000000000000000000000000000000000000000000000000000000000000000000000000000000000000000000000000000000000000000000000000000000000000000000000000000000000000000000000000000000000000000000000000000000000000000000000000000000000000000000000000000000000000000000000000000000000000000000000000000000000000000000000000000000000000000000000000000000011110000000000000000000000000000000000000000000000000000000000000000000000000000000000000000000000000000000000000000000000000000000000000000000000000111111111111111111111111111111111111000000000000000000000000000000000000000000000000000000000000000000000000000000000000000000000000000000000000000000-000000000099999aaaaa0llllopqrqropmn------------------------------------------------------------------------------------------------------------------000000000000000000000000000000000000000000000000000000000000000000000000000000000000000000000000000000000000000000000000000000000000000000000000000000------------------------------------------------------------------------------------------------------------------------------------------------------;1.0;0.08357142857142863;0.2083226942864148;0.9627526401731837;0.9798815960023946;0.0715738393291148;0.5510170330604228;0.08357142857142863;0.08357142857142863;-1;111111111111111111111111111111111111000000000000000000000000000000000000000000000000000000000000000000000000000000000000000000000000000000000000000000000000000000000000000000000000000000000000000000000000000000000000000000000000000000000000000000000000000000000000000000000000000000000000000000000000101001110000100001101100110011000111000000000000000000000000000000000000000000000000000000000000000000000000000000000000000000000000000000000000000000000000000000000010010000011000100000000000000000000000000000000000000000000000000000000000000000000000000000000000000000000000000000000000000000000000000000000000000000000000000000000000000000000000000000000000000000000000000000000000000000000000000000000000000000000000000000000000000000000000000000111111111111111111111111111111111111000000000000000000000000000000000000000000000000000000000000000000000000000000000000000000000000000000000000000000-000000000099999aaaaa0llllopqrqropmn------------------------------------------------------------------------------------------------------------------000000000000000000000000000000000000000000000000000000000000000000000000000000000000000000000000000000000000000000000000000000000000000000000000000000------------------------------------------------------------------------------------------------------------------------------------------------------
_SEEDS_011111111001111111111111111111111111000000000000000000000000000000000000000000000000000000000000000000000000000000000000000000000000000000000000000000100000000001111111111000000000001111000000000000000000000000000000000000000000000000000000000000000000000000000000000000000000000000000000000000000000000000000000000000000000000000000000000000000000000000000000000000000000000000000000000000000000000000000000000000000000000000000000000000000000000000000000000000000000000000000000000000000000000000000000000000000000000000000000000000000000000000000000000000000000000000000000000000000000000000000000011110000000000000000000000000000000000000000000000000000000000000000000000000000000000000000000000000000000000000000000000000000000000000000000000000111111111111111111111111111111111111000000000000000000000000000000000000000000000000000000000000000000000000000000000000000000000000000000000000000000-000000000099999aaaaa0llllopqrqropmn------------------------------------------------------------------------------------------------------------------000000000000000000000000000000000000000000000000000000000000000000000000000000000000000000000000000000000000000000000000000000000000000000000000000000------------------------------------------------------------------------------------------------------------------------------------------------------;1.0;0.0815079365079362;0.16745751010487564;0.9470099762162456;0.9782181424983377;0.16170958723775367;0.5559838587608582;0.0815079365079362;0.0815079365079362;-1;111111111101111111011111111111111111100000000000000000000000000000000000000000000000000000000000000000000000000000000000000000000000000000000000000000000000000000000000000000000000000000000000000000000000000000000000000000000000000000000000000000000000000000000000000000000000000000000000000000000000101011110111000100110101010100000010000000000000000000000000000000000000000000000000000000000000000000000000000000000000000000000000000000000000000000000110000001011010001001000001000000000000000000000000000000000000000000000000000000000000000000000000000000000000000000000000000000000000000000000000000000000000000000000000000000000000000000000000000000000000000000000000000000000000000000000000000000000000000000000000000000000000000000000000000000111111111111111111111111111111111111000000000000000000000000000000000000000000000000000000000000000000000000000000000000000000000000000000000000000000-000000000099999aaaaa0llllopqrqropmn------------------------------------------------------------------------------------------------------------------000000000000000000000000000000000000000000000000000000000000000000000000000000000000000000000000000000000000000000000000000000000000000000000000000000------------------------------------------------------------------------------------------------------------------------------------------------------
_SEEDS_011111111001111111111111111111111111000000000000000000000000000000000000000000000000000000000000000000000000000000000000000000000000000000000000000000100000000001111111111000000000001111000000000000000000000000000000000000000000000000000000000000000000000000000000000000000000000000000000000000000000000000000000000000000000000000000000000000000000000000000000000000000000000000000000000000000000000000000000000000000000000000000000000000000000000000000000000000000000000000000000000000000000000000000000000000000000000000000000000000000000000000000000000000000000000000000000000000000000000000000000011110000000000000000000000000000000000000000000000000000000000000000000000000000000000000000000000000000000000000000000000000000000000000000000000000111111111111111111111111111111111111000000000000000000000000000000000000000000000000000000000000000000000000000000000000000000000000000000000000000000-000000000099999aaaaa0llllopqrqropmn------------------------------------------------------------------------------------------------------------------000000000000000000000000000000000000000000000000000000000000000000000000000000000000000000000000000000000000000000000000000000000000000000000000000000------------------------------------------------------------------------------------------------------------------------------------------------------;1.0;0.0786111111111113;0.1560088063407724;0.9557873394684273;0.977047418445493;0.09634006321451623;0.5439657897633868;0.0786111111111113;0.0786111111111113;-1;111101111111111111111111111111111111100000000000000000000000000000000000000000000000000000000000000000000000000000000000000000000000000000000000000000000000000000000000000000000000000000000000000000000000000000000000000000000000000000000000000000000000000000000000000000000000000000000000000000000000100001011000100100101000101011011111000000000000000000000000000000000000000000000000000000000000000000000000000000000000000000000000000000000000000000010010100001000001000001000110100010000000000000000000000000000000000000000000000000000000000000000000000000000000000000000000000000000000000000000000000000000000000000000000000000000000000000000000000000000000000000000000000000000000000000000000000000000000000000000000000000000000000000000000000000111111111111111111111111111111111111000000000000000000000000000000000000000000000000000000000000000000000000000000000000000000000000000000000000000000-000000000099999aaaaa0llllopqrqropmn------------------------------------------------------------------------------------------------------------------000000000000000000000000000000000000000000000000000000000000000000000000000000000000000000000000000000000000000000000000000000000000000000000000000000------------------------------------------------------------------------------------------------------------------------------------------------------
_SEEDS_011111111001111111111111111111111111000000000000000000000000000000000000000000000000000000000000000000000000000000000000000000000000000000000000000000100000000001111111111000000000001111000000000000000000000000000000000000000000000000000000000000000000000000000000000000000000000000000000000000000000000000000000000000000000000000000000000000000000000000000000000000000000000000000000000000000000000000000000000000000000000000000000000000000000000000000000000000000000000000000000000000000000000000000000000000000000000000000000000000000000000000000000000000000000000000000000000000000000000000000000011110000000000000000000000000000000000000000000000000000000000000000000000000000000000000000000000000000000000000000000000000000000000000000000000000111111111111111111111111111111111111000000000000000000000000000000000000000000000000000000000000000000000000000000000000000000000000000000000000000000-000000000099999aaaaa0llllopqrqropmn------------------------------------------------------------------------------------------------------------------000000000000000000000000000000000000000000000000000000000000000000000000000000000000000000000000000000000000000000000000000000000000000000000000000000------------------------------------------------------------------------------------------------------------------------------------------------------;1.0;0.07398809523809513;0.13985901011083446;0.9438166656242553;0.9705555725040107;0.09666389125225239;0.5374805391215747;0.07398809523809513;0.07398809523809513;-1;111011111111111111111111111111111111100000000000000000000000000000000000000000000000000000000000000000000000000000000000000000000000000000000000000000000000000000000000000000000000000000000000000000000000000000000000000000000000000000000000000000000000000000000000000000000000000000000000000000000000100011101000011110111001000010001010000000000000000000000000000000000000000000000000000000000000000000000000000000000000000000000000000000000000000000011110000110000001000110000110001001000000000000000000000000000000000000000000000000000000000000000000000000000000000000000000000000000000000000000000000000000000000000000000000000000000000000000000000000000000000000000000000000000000000000000000000000000000000000000000000000000000000000000000000000111111111111111111111111111111111111000000000000000000000000000000000000000000000000000000000000000000000000000000000000000000000000000000000000000000-000000000099999aaaaa0llllopqrqropmn------------------------------------------------------------------------------------------------------------------000000000000000000000000000000000000000000000000000000000000000000000000000000000000000000000000000000000000000000000000000000000000000000000000000000------------------------------------------------------------------------------------------------------------------------------------------------------
_SEEDS_011111111001111111111111111111111111000000000000000000000000000000000000000000000000000000000000000000000000000000000000000000000000000000000000000000100000000001111111111000000000001111000000000000000000000000000000000000000000000000000000000000000000000000000000000000000000000000000000000000000000000000000000000000000000000000000000000000000000000000000000000000000000000000000000000000000000000000000000000000000000000000000000000000000000000000000000000000000000000000000000000000000000000000000000000000000000000000000000000000000000000000000000000000000000000000000000000000000000000000000000011110000000000000000000000000000000000000000000000000000000000000000000000000000000000000000000000000000000000000000000000000000000000000000000000000111111111111111111111111111111111111000000000000000000000000000000000000000000000000000000000000000000000000000000000000000000000000000000000000000000-000000000099999aaaaa0llllopqrqropmn------------------------------------------------------------------------------------------------------------------000000000000000000000000000000000000000000000000000000000000000000000000000000000000000000000000000000000000000000000000000000000000000000000000000000------------------------------------------------------------------------------------------------------------------------------------------------------;1.0;0.08001984126984141;0.050222902388715074;0.9595988645070522;0.9809513576799453;0.0800837979413698;0.5251461272978207;0.08001984126984141;0.08001984126984141;-1;111111111111111111111111111111111111100000000000000000000000000000000000000000000000000000000000000000000000000000000000000000000000000000000000000000000000000000000000000000000000000000000000000000000000000000000000000000000000000000000000000000000000000000000000000000000000000000000000000000000000001010100010010001111000001110000111000000000000000000000000000000000000000000000000000000000000000000000000000000000000000000000000000000000000000000000000101001001010100000000001010000000000000000000000000000000000000000000000000000000000000000000000000000000000000000000000000000000000000000000000000000000000000000000000000000000000000000000000000000000000000000000000000000000000000000000000000000000000000000000000000000000000000000000000000000111111111111111111111111111111111111000000000000000000000000000000000000000000000000000000000000000000000000000000000000000000000000000000000000000000-000000000099999aaaaa0llllopqrqropmn------------------------------------------------------------------------------------------------------------------000000000000000000000000000000000000000000000000000000000000000000000000000000000000000000000000000000000000000000000000000000000000000000000000000000------------------------------------------------------------------------------------------------------------------------------------------------------
_SEEDS_011111111001111111111111111111111111000000000000000000000000000000000000000000000000000000000000000000000000000000000000000000000000000000000000000000100000000001111111111000000000001111000000000000000000000000000000000000000000000000000000000000000000000000000000000000000000000000000000000000000000000000000000000000000000000000000000000000000000000000000000000000000000000000000000000000000000000000000000000000000000000000000000000000000000000000000000000000000000000000000000000000000000000000000000000000000000000000000000000000000000000000000000000000000000000000000000000000000000000000000000011110000000000000000000000000000000000000000000000000000000000000000000000000000000000000000000000000000000000000000000000000000000000000000000000000111111111111111111111111111111111111000000000000000000000000000000000000000000000000000000000000000000000000000000000000000000000000000000000000000000-000000000099999aaaaa0llllopqrqropmn------------------------------------------------------------------------------------------------------------------000000000000000000000000000000000000000000000000000000000000000000000000000000000000000000000000000000000000000000000000000000000000000000000000000000------------------------------------------------------------------------------------------------------------------------------------------------------;1.0;0.09123015873015916;0.17224537297581954;0.96661067947459;0.9861581056039449;0.08157050590727816;0.5496358037819652;0.09123015873015916;0.09123015873015916;-1;011111111111111111111111111111111111100000000000000000000000000000000000000000000000000000000000000000000000000000000000000000000000000000000000000000000000000000000000000000000000000000000000000000000000000000000000000000000000000000000000000000000000000000000000000000000000000000000000000000000000100110001000100100100010010110011011000000000000000000000000000000000000000000000000000000000000000000000000000000000000000000000000000000000000000000000000001001000001010000100000010000000000000000000000000000000000000000000000000000000000000000000000000000000000000000000000000000000000000000000000000000000000000000000000000000000000000000000000000000000000000000000000000000000000000000000000000000000000000000000000000000000000000000000000000000111111111111111111111111111111111111000000000000000000000000000000000000000000000000000000000000000000000000000000000000000000000000000000000000000000-000000000099999aaaaa0llllopqrqropmn------------------------------------------------------------------------------------------------------------------000000000000000000000000000000000000000000000000000000000000000000000000000000000000000000000000000000000000000000000000000000000000000000000000000000------------------------------------------------------------------------------------------------------------------------------------------------------
_SEEDS_011111111001111111111111111111111111000000000000000000000000000000000000000000000000000000000000000000000000000000000000000000000000000000000000000000100000000001111111111000000000001111000000000000000000000000000000000000000000000000000000000000000000000000000000000000000000000000000000000000000000000000000000000000000000000000000000000000000000000000000000000000000000000000000000000000000000000000000000000000000000000000000000000000000000000000000000000000000000000000000000000000000000000000000000000000000000000000000000000000000000000000000000000000000000000000000000000000000000000000000000011110000000000000000000000000000000000000000000000000000000000000000000000000000000000000000000000000000000000000000000000000000000000000000000000000111111111111111111111111111111111111000000000000000000000000000000000000000000000000000000000000000000000000000000000000000000000000000000000000000000-000000000099999aaaaa0llllopqrqropmn------------------------------------------------------------------------------------------------------------------000000000000000000000000000000000000000000000000000000000000000000000000000000000000000000000000000000000000000000000000000000000000000000000000000000------------------------------------------------------------------------------------------------------------------------------------------------------;1.0;0.08876984126984111;0.19795353623656986;0.9578163994243092;0.9756262389646536;0.08071516639175255;0.550146863714521;0.08876984126984111;0.08876984126984111;-1;111111111111111111111110111111111111000000000000000000000000000000000000000000000000000000000000000000000000000000000000000000000000000000000000000000000000000000000000000000000000000000000000000000000000000000000000000000000000000000000000000000000000000000000000000000000000000000000000000000000000001100000001010111101111000111011001000000000000000000000000000000000000000000000000000000000000000000000000000000000000000000000000000000000000000000000000000000100000010000001010100100000000000000000000000000000000000000000000000000000000000000000000000000000000000000000000000000000000000000000000000000000000000000000000000000000000000000000000000000000000000000000000000000000000000000000000000000000000000000000000000000000000000000000000000000111111111111111111111111111111111111000000000000000000000000000000000000000000000000000000000000000000000000000000000000000000000000000000000000000000-000000000099999aaaaa0llllopqrqropmn------------------------------------------------------------------------------------------------------------------000000000000000000000000000000000000000000000000000000000000000000000000000000000000000000000000000000000000000000000000000000000000000000000000000000------------------------------------------------------------------------------------------------------------------------------------------------------
_SEEDS_011111111001111111111111111111111111000000000000000000000000000000000000000000000000000000000000000000000000000000000000000000000000000000000000000000100000000001111111111000000000001111000000000000000000000000000000000000000000000000000000000000000000000000000000000000000000000000000000000000000000000000000000000000000000000000000000000000000000000000000000000000000000000000000000000000000000000000000000000000000000000000000000000000000000000000000000000000000000000000000000000000000000000000000000000000000000000000000000000000000000000000000000000000000000000000000000000000000000000000000000011110000000000000000000000000000000000000000000000000000000000000000000000000000000000000000000000000000000000000000000000000000000000000000000000000111111111111111111111111111111111111000000000000000000000000000000000000000000000000000000000000000000000000000000000000000000000000000000000000000000-000000000099999aaaaa0llllopqrqropmn------------------------------------------------------------------------------------------------------------------000000000000000000000000000000000000000000000000000000000000000000000000000000000000000000000000000000000000000000000000000000000000000000000000000000------------------------------------------------------------------------------------------------------------------------------------------------------;1.0;0.06855158730158706;0.14004318086572232;0.9449997338695851;0.9778077204179044;0.0812435424176218;0.5354409608120702;0.06855158730158706;0.06855158730158706;-1;111111111111111111111011111111111111000000000000000000000000000000000000000000000000000000000000000000000000000000000000000000000000000000000000000000000000000000000000000000000000000000000000000000000000000000000000000000000000000000000000000000000000000000000000000000000000000000000000000000000000010111010001101111100110101011101110000000000000000000000000000000000000000000000000000000000000000000000000000000000000000000000000000000000000000000101000101101010000000000000010000001000000000000000000000000000000000000000000000000000000000000000000000000000000000000000000000000000000000000000000000000000000000000000000000000000000000000000000000000000000000000000000000000000000000000000000000000000000000000000000000000000000000000000000000000111111111111111111111111111111111111000000000000000000000000000000000000000000000000000000000000000000000000000000000000000000000000000000000000000000-000000000099999aaaaa0llllopqrqropmn------------------------------------------------------------------------------------------------------------------000000000000000000000000000000000000000000000000000000000000000000000000000000000000000000000000000000000000000000000000000000000000000000000000000000------------------------------------------------------------------------------------------------------------------------------------------------------
_SEEDS_011111111001111111111111111111111111000000000000000000000000000000000000000000000000000000000000000000000000000000000000000000000000000000000000000000100000000001111111111000000000001111000000000000000000000000000000000000000000000000000000000000000000000000000000000000000000000000000000000000000000000000000000000000000000000000000000000000000000000000000000000000000000000000000000000000000000000000000000000000000000000000000000000000000000000000000000000000000000000000000000000000000000000000000000000000000000000000000000000000000000000000000000000000000000000000000000000000000000000000000000011110000000000000000000000000000000000000000000000000000000000000000000000000000000000000000000000000000000000000000000000000000000000000000000000000111111111111111111111111111111111111000000000000000000000000000000000000000000000000000000000000000000000000000000000000000000000000000000000000000000-000000000099999aaaaa0llllopqrqropmn------------------------------------------------------------------------------------------------------------------000000000000000000000000000000000000000000000000000000000000000000000000000000000000000000000000000000000000000000000000000000000000000000000000000000------------------------------------------------------------------------------------------------------------------------------------------------------;1.0;0.07537698412698435;0.27949148270934643;0.954766276301364;0.9776625306222931;0.10751844209271465;0.5658026193087837;0.07537698412698435;0.07537698412698435;-1;111111111111111101111111111111111111000000000000000000000000000000000000000000000000000000000000000000000000000000000000000000000000000000000000000000000000000000000000000000000000000000000000000000000000000000000000000000000000000000000000000000000000000000000000000000000000000000000000000000000000001001100100000111000001000110111011000000000000000000000000000000000000000000000000000000000000000000000000000000000000000000000000000000000000000000110001001101110000010010001000000001000000000000000000000000000000000000000000000000000000000000000000000000000000000000000000000000000000000000000000000000000000000000000000000000000000000000000000000000000000000000000000000000000000000000000000000000000000000000000000000000000000000000000000000000111111111111111111111111111111111111000000000000000000000000000000000000000000000000000000000000000000000000000000000000000000000000000000000000000000-000000000099999aaaaa0llllopqrqropmn------------------------------------------------------------------------------------------------------------------000000000000000000000000000000000000000000000000000000000000000000000000000000000000000000000000000000000000000000000000000000000000000000000000000000------------------------------------------------------------------------------------------------------------------------------------------------------
_SEEDS_011111111001111111111111111111111111000000000000000000000000000000000000000000000000000000000000000000000000000000000000000000000000000000000000000000100000000001111111111000000000001111000000000000000000000000000000000000000000000000000000000000000000000000000000000000000000000000000000000000000000000000000000000000000000000000000000000000000000000000000000000000000000000000000000000000000000000000000000000000000000000000000000000000000000000000000000000000000000000000000000000000000000000000000000000000000000000000000000000000000000000000000000000000000000000000000000000000000000000000000000011110000000000000000000000000000000000000000000000000000000000000000000000000000000000000000000000000000000000000000000000000000000000000000000000000111111111111111111111111111111111111000000000000000000000000000000000000000000000000000000000000000000000000000000000000000000000000000000000000000000-000000000099999aaaaa0llllopqrqropmn------------------------------------------------------------------------------------------------------------------000000000000000000000000000000000000000000000000000000000000000000000000000000000000000000000000000000000000000000000000000000000000000000000000000000------------------------------------------------------------------------------------------------------------------------------------------------------;1.0;0.08607142857142847;0.22270015943911092;0.9674309288952753;0.9787199769516842;0.09521347281968837;0.5583559944461979;0.08607142857142847;0.08607142857142847;-1;111111111111111111111111110111111111000000000000000000000000000000000000000000000000000000000000000000000000000000000000000000000000000000000000000000000000000000000000000000000000000000000000000000000000000000000000000000000000000000000000000000000000000000000000000000000000000000000000000000000000010100110011101111000110110001001010000000000000000000000000000000000000000000000000000000000000000000000000000000000000000000000000000000000000000000100010000010010000001100001000000100000000000000000000000000000000000000000000000000000000000000000000000000000000000000000000000000000000000000000000000000000000000000000000000000000000000000000000000000000000000000000000000000000000000000000000000000000000000000000000000000000000000000000000000000111111111111111111111111111111111111000000000000000000000000000000000000000000000000000000000000000000000000000000000000000000000000000000000000000000-000000000099999aaaaa0llllopqrqropmn------------------------------------------------------------------------------------------------------------------000000000000000000000000000000000000000000000000000000000000000000000000000000000000000000000000000000000000000000000000000000000000000000000000000000------------------------------------------------------------------------------------------------------------------------------------------------------
_SEEDS_011111111001111111111111111111111111000000000000000000000000000000000000000000000000000000000000000000000000000000000000000000000000000000000000000000100000000001111111111000000000001111000000000000000000000000000000000000000000000000000000000000000000000000000000000000000000000000000000000000000000000000000000000000000000000000000000000000000000000000000000000000000000000000000000000000000000000000000000000000000000000000000000000000000000000000000000000000000000000000000000000000000000000000000000000000000000000000000000000000000000000000000000000000000000000000000000000000000000000000000000011110000000000000000000000000000000000000000000000000000000000000000000000000000000000000000000000000000000000000000000000000000000000000000000000000111111111111111111111111111111111111000000000000000000000000000000000000000000000000000000000000000000000000000000000000000000000000000000000000000000-000000000099999aaaaa0llllopqrqropmn------------------------------------------------------------------------------------------------------------------000000000000000000000000000000000000000000000000000000000000000000000000000000000000000000000000000000000000000000000000000000000000000000000000000000------------------------------------------------------------------------------------------------------------------------------------------------------;1.0;0.07722222222222208;0.19332946592056133;0.9618137381430863;0.9818136171247636;0.09137054479265079;0.5509249313672141;0.07722222222222208;0.07722222222222208;-1;111111111111111111111111111111111111000000000000000000000000000000000000000000000000000000000000000000000000000000000000000000000000000000000000000000000000000000000000000000000000000000000000000000000000000000000000000000000000000000000000000000000000000000000000000000000000000000000000000000000000100011100100001000110100110110000100000000000000000000000000000000000000000000000000000000000000000000000000000000000000000000000000000000000000000000000001010011010110100000100100010010000000000000000000000000000000000000000000000000000000000000000000000000000000000000000000000000000000000000000000000000000000000000000000000000000000000000000000000000000000000000000000000000000000000000000000000000000000000000000000000000000000000000000000000000111111111111111111111111111111111111000000000000000000000000000000000000000000000000000000000000000000000000000000000000000000000000000000000000000000-000000000099999aaaaa0llllopqrqropmn------------------------------------------------------------------------------------------------------------------000000000000000000000000000000000000000000000000000000000000000000000000000000000000000000000000000000000000000000000000000000000000000000000000000000------------------------------------------------------------------------------------------------------------------------------------------------------
_SEEDS_011111111001111111111111111111111111000000000000000000000000000000000000000000000000000000000000000000000000000000000000000000000000000000000000000000100000000001111111111000000000001111000000000000000000000000000000000000000000000000000000000000000000000000000000000000000000000000000000000000000000000000000000000000000000000000000000000000000000000000000000000000000000000000000000000000000000000000000000000000000000000000000000000000000000000000000000000000000000000000000000000000000000000000000000000000000000000000000000000000000000000000000000000000000000000000000000000000000000000000000000011110000000000000000000000000000000000000000000000000000000000000000000000000000000000000000000000000000000000000000000000000000000000000000000000000111111111111111111111111111111111111000000000000000000000000000000000000000000000000000000000000000000000000000000000000000000000000000000000000000000-000000000099999aaaaa0llllopqrqropmn------------------------------------------------------------------------------------------------------------------000000000000000000000000000000000000000000000000000000000000000000000000000000000000000000000000000000000000000000000000000000000000000000000000000000------------------------------------------------------------------------------------------------------------------------------------------------------;1.0;0.07595238095238066;0.08131552206560688;0.9337915761187175;0.9797715747715747;0.1464614302750846;0.5362154140305607;0.07595238095238066;0.07595238095238066;-1;111110111011101111111111111111111111000000000000000000000000000000000000000000000000000000000000000000000000000000000000000000000000000000000000000000000000000000000000000000000000000000000000000000000000000000000000000000000000000000000000000000000000000000000000000000000000000000000000000000000000110001111110101011110110101000011010000000000000000000000000000000000000000000000000000000000000000000000000000000000000000000000000000000000000000000001000100001010000000000000101001000000000000000000000000000000000000000000000000000000000000000000000000000000000000000000000000000000000000000000000000000000000000000000000000000000000000000000000000000000000000000000000000000000000000000000000000000000000000000000000000000000000000000000000000000111111111111111111111111111111111111000000000000000000000000000000000000000000000000000000000000000000000000000000000000000000000000000000000000000000-000000000099999aaaaa0llllopqrqropmn------------------------------------------------------------------------------------------------------------------000000000000000000000000000000000000000000000000000000000000000000000000000000000000000000000000000000000000000000000000000000000000000000000000000000------------------------------------------------------------------------------------------------------------------------------------------------------
_SEEDS_011111111001111111111111111111111111000000000000000000000000000000000000000000000000000000000000000000000000000000000000000000000000000000000000000000100000000001111111111000000000001111000000000000000000000000000000000000000000000000000000000000000000000000000000000000000000000000000000000000000000000000000000000000000000000000000000000000000000000000000000000000000000000000000000000000000000000000000000000000000000000000000000000000000000000000000000000000000000000000000000000000000000000000000000000000000000000000000000000000000000000000000000000000000000000000000000000000000000000000000000011110000000000000000000000000000000000000000000000000000000000000000000000000000000000000000000000000000000000000000000000000000000000000000000000000111111111111111111111111111111111111000000000000000000000000000000000000000000000000000000000000000000000000000000000000000000000000000000000000000000-000000000099999aaaaa0llllopqrqropmn------------------------------------------------------------------------------------------------------------------000000000000000000000000000000000000000000000000000000000000000000000000000000000000000000000000000000000000000000000000000000000000000000000000000000------------------------------------------------------------------------------------------------------------------------------------------------------;1.0;0.07934523809523819;0.13472167800965607;0.9733660516779901;0.9891345606410169;0.0808131698155714;0.5428967830399122;0.07934523809523819;0.07934523809523819;-1;111111111111111111111111111111111111000000000000000000000000000000000000000000000000000000000000000000000000000000000000000000000000000000000000000000000000000000000000000000000000000000000000000000000000000000000000000000000000000000000000000000000000000000000000000000000000000000000000000000000000110000000101101111010110111101011000000000000000000000000000000000000000000000000000000000000000000000000000000000000000000000000000000000000000000000000000001000000000011000000000100100000000000000000000000000000000000000000000000000000000000000000000000000000000000000000000000000000000000000000000000000000000000000000000000000000000000000000000000000000000000000000000000000000000000000000000000000000000000000000000000000000000000000000000000000111111111111111111111111111111111111000000000000000000000000000000000000000000000000000000000000000000000000000000000000000000000000000000000000000000-000000000099999aaaaa0llllopqrqropmn------------------------------------------------------------------------------------------------------------------000000000000000000000000000000000000000000000000000000000000000000000000000000000000000000000000000000000000000000000000000000000000000000000000000000------------------------------------------------------------------------------------------------------------------------------------------------------
_SEEDS_011111111001111111111111111111111111000000000000000000000000000000000000000000000000000000000000000000000000000000000000000000000000000000000000000000100000000001111111111000000000001111000000000000000000000000000000000000000000000000000000000000000000000000000000000000000000000000000000000000000000000000000000000000000000000000000000000000000000000000000000000000000000000000000000000000000000000000000000000000000000000000000000000000000000000000000000000000000000000000000000000000000000000000000000000000000000000000000000000000000000000000000000000000000000000000000000000000000000000000000000011110000000000000000000000000000000000000000000000000000000000000000000000000000000000000000000000000000000000000000000000000000000000000000000000000111111111111111111111111111111111111000000000000000000000000000000000000000000000000000000000000000000000000000000000000000000000000000000000000000000-000000000099999aaaaa0llllopqrqropmn------------------------------------------------------------------------------------------------------------------000000000000000000000000000000000000000000000000000000000000000000000000000000000000000000000000000000000000000000000000000000000000000000000000000000------------------------------------------------------------------------------------------------------------------------------------------------------;1.0;0.08029761904761934;0.19961947104885935;0.9560563077748572;0.9771456918497542;0.09269498732194406;0.5509690128405056;0.08029761904761934;0.08029761904761934;-1;111111111111111111111111111111111111000000000000000000000000000000000000000000000000000000000000000000000000000000000000000000000000000000000000000000000000000000000000000000000000000000000000000000000000000000000000000000000000000000000000000000000000000000000000000000000000000000000000000000000000101100000100010011110100011000001000000000000000000000000000000000000000000000000000000000000000000000000000000000000000000000000000000000000000000000100001100010001000001000100011111010000000000000000000000000000000000000000000000000000000000000000000000000000000000000000000000000000000000000000000000000000000000000000000000000000000000000000000000000000000000000000000000000000000000000000000000000000000000000000000000000000000000000000000000000111111111111111111111111111111111111000000000000000000000000000000000000000000000000000000000000000000000000000000000000000000000000000000000000000000-000000000099999aaaaa0llllopqrqropmn------------------------------------------------------------------------------------------------------------------000000000000000000000000000000000000000000000000000000000000000000000000000000000000000000000000000000000000000000000000000000000000000000000000000000------------------------------------------------------------------------------------------------------------------------------------------------------
_SEEDS_011111111001111111111111111111111111000000000000000000000000000000000000000000000000000000000000000000000000000000000000000000000000000000000000000000100000000001111111111000000000001111000000000000000000000000000000000000000000000000000000000000000000000000000000000000000000000000000000000000000000000000000000000000000000000000000000000000000000000000000000000000000000000000000000000000000000000000000000000000000000000000000000000000000000000000000000000000000000000000000000000000000000000000000000000000000000000000000000000000000000000000000000000000000000000000000000000000000000000000000000011110000000000000000000000000000000000000000000000000000000000000000000000000000000000000000000000000000000000000000000000000000000000000000000000000111111111111111111111111111111111111000000000000000000000000000000000000000000000000000000000000000000000000000000000000000000000000000000000000000000-000000000099999aaaaa0llllopqrqropmn------------------------------------------------------------------------------------------------------------------000000000000000000000000000000000000000000000000000000000000000000000000000000000000000000000000000000000000000000000000000000000000000000000000000000------------------------------------------------------------------------------------------------------------------------------------------------------;1.0;0.07702380952380983;0.09688934865335641;0.9577172518033923;0.9810652465961415;0.07412446605221933;0.5311366871048199;0.07702380952380983;0.07702380952380983;-1;111111111111111111111111111111111111100000000000000000000000000000000000000000000000000000000000000000000000000000000000000000000000000000000000000000000000000000000000000000000000000000000000000000000000000000000000000000000000000000000000000000000000000000000000000000000000000000000000000000000000110001000101000000110100011000000101000000000000000000000000000000000000000000000000000000000000000000000000000000000000000000000000000000000000000000100110000010001000000101100000010010000000000000000000000000000000000000000000000000000000000000000000000000000000000000000000000000000000000000000000000000000000000000000000000000000000000000000000000000000000000000000000000000000000000000000000000000000000000000000000000000000000000000000000000000111111111111111111111111111111111111000000000000000000000000000000000000000000000000000000000000000000000000000000000000000000000000000000000000000000-000000000099999aaaaa0llllopqrqropmn------------------------------------------------------------------------------------------------------------------000000000000000000000000000000000000000000000000000000000000000000000000000000000000000000000000000000000000000000000000000000000000000000000000000000------------------------------------------------------------------------------------------------------------------------------------------------------
_SEEDS_011111111001111111111111111111111111000000000000000000000000000000000000000000000000000000000000000000000000000000000000000000000000000000000000000000100000000001111111111000000000001111000000000000000000000000000000000000000000000000000000000000000000000000000000000000000000000000000000000000000000000000000000000000000000000000000000000000000000000000000000000000000000000000000000000000000000000000000000000000000000000000000000000000000000000000000000000000000000000000000000000000000000000000000000000000000000000000000000000000000000000000000000000000000000000000000000000000000000000000000000011110000000000000000000000000000000000000000000000000000000000000000000000000000000000000000000000000000000000000000000000000000000000000000000000000111111111111111111111111111111111111000000000000000000000000000000000000000000000000000000000000000000000000000000000000000000000000000000000000000000-000000000099999aaaaa0llllopqrqropmn------------------------------------------------------------------------------------------------------------------000000000000000000000000000000000000000000000000000000000000000000000000000000000000000000000000000000000000000000000000000000000000000000000000000000------------------------------------------------------------------------------------------------------------------------------------------------------;1.0;0.08017857142857154;0.10977759594217795;0.9466024288203122;0.9745186697338243;0.1133469318891951;0.5374040329690135;0.08017857142857154;0.08017857142857154;-1;111111111111111101111011111111011111000000000000000000000000000000000000000000000000000000000000000000000000000000000000000000000000000000000000000000000000000000000000000000000000000000000000000000000000000000000000000000000000000000000000000000000000000000000000000000000000000000000000000000000000011000001010011011100001111101101000000000000000000000000000000000000000000000000000000000000000000000000000000000000000000000000000000000000000000000101001100000000010011100000010110000000000000000000000000000000000000000000000000000000000000000000000000000000000000000000000000000000000000000000000000000000000000000000000000000000000000000000000000000000000000000000000000000000000000000000000000000000000000000000000000000000000000000000000000000111111111111111111111111111111111111000000000000000000000000000000000000000000000000000000000000000000000000000000000000000000000000000000000000000000-000000000099999aaaaa0llllopqrqropmn------------------------------------------------------------------------------------------------------------------000000000000000000000000000000000000000000000000000000000000000000000000000000000000000000000000000000000000000000000000000000000000000000000000000000------------------------------------------------------------------------------------------------------------------------------------------------------
