;Q_1;Q_2;Q_3;Q_4;Q_5;Q_6;Q_7;S1;S_2;TransplantRootHullIndex;Encoding;
_SEEDS_011111111001111111111111111111111111000000000000000000000000000000000000000000000000000000000000000000000000000000000000000000000000000000000000000000100000000001111111111000000000001111000000000000000000000000000000000000000000000000000000000000000000000000000000000000000000000000000000000000000000000000000000000000000000000000000000000000000000000000000000000000000000000000000000000000000000000000000000000000000000000000000000000000000000000000000000000000000000000000000000000000000000000000000000000000000000000000000000000000000000000000000000000000000000000000000000000000000000000000000000011110000000000000000000000000000000000000000000000000000000000000000000000000000000000000000000000000000000000000000000000000000000000000000000000000111111111111111111111111111111111111111111111000000000000000000000000000000000000000000000000000000000000000000000000000000000000000000000000000000000-000000000099999aaaaa0llllopqrqropmnv-----------------------------------------------------------------------------------------------------------------000000000000000000000000000000000000000000000000000000000000000000000000000000000000000000000000000000000000000000000000000000000000000000000000000000------------------------------------vvvvvvvvv---------------------------------------------------------------------------------------------------------;1.0;0.20434523809523808;0.22524335935818252;0.9391116793487483;0.9738884644766997;0.10608003108003108;0.5747781287264834;0.20434523809523808;0.20434523809523808;31;011110111000011111111111111111111111000000000000000000000000000000000000000001000000000000000100000000000000000100000000000000000000000010001000000000100000000001111111111000000000001111000000000000001000000000000000000000000000101000000000000000000000000000000000000000000000000000000100000000000000000000000000100000000000000000000000000000000000000000000000000000000000000000000000001000000001000000000000000100000000000000000000001000000000000000000000000000000001000010000000000000000000100000000000000000000001000000000000000000001000000000000000000000000000000000000000100000000000000000000000011110000000000000000000000000000000100000000000000000000000000000000000000000000000000000000000000000000100000010000010000000001000100000000000000000111111111111111111111101111111101111111101111001000000000000000000000010000000000000000000000000000000000000000000000000000001000000000000000000000000-000000000099999aaaaa0llllopqrqropmnv---------------------7-------------------------------w------F--D---m---------B------A-------------------------H--000000000000000011000000000000000000000000000000000000000000000000100000000000010000000000000000000000000000000000000000001000000010000000100001000000------------------------------------vvvvvvvvv---------------------------------------------------------------------------------------------------------
_SEEDS_011111111001111111111111111111111111000000000000000000000000000000000000000000000000000000000000000000000000000000000000000000000000000000000000000000100000000001111111111000000000001111000000000000000000000000000000000000000000000000000000000000000000000000000000000000000000000000000000000000000000000000000000000000000000000000000000000000000000000000000000000000000000000000000000000000000000000000000000000000000000000000000000000000000000000000000000000000000000000000000000000000000000000000000000000000000000000000000000000000000000000000000000000000000000000000000000000000000000000000000000011110000000000000000000000000000000000000000000000000000000000000000000000000000000000000000000000000000000000000000000000000000000000000000000000000111111111111111111111111111111111111111111111000000000000000000000000000000000000000000000000000000000000000000000000000000000000000000000000000000000-000000000099999aaaaa0llllopqrqropmnv-----------------------------------------------------------------------------------------------------------------000000000000000000000000000000000000000000000000000000000000000000000000000000000000000000000000000000000000000000000000000000000000000000000000000000------------------------------------vvvvvvvvv---------------------------------------------------------------------------------------------------------;1.0;0.1907539682539683;0.30306770498166447;0.9345175249587014;0.9641806091806092;0.09799920220972855;0.581753168264112;0.1907539682539683;0.1907539682539683;31;011110111001011111111111110111111111000000000000100000000000000001000000000001000000000000000000000000000000000000000000000000000001100010001000000000100000000001111111111000000000001111000000000001001000000000000000000000000000101000000100000000000000000000000000000000000000000100000110000000000001000001000000100000000000000000000000000000100000000000000000000000000000000000000000001000000000000000000000000000000001000000000000001000000000000000000000000000000000000010000000000000000000100001000000000000000100000000100000000000001000000000000000000000000000000000000000100000000000000000000000011110000000000000000000000000000000100000000000000000000000000000000000000000000000000000000000000000000100000000000000000000000000000000000000001000111111111011111111111111111111111111111111111000000000000000000000000000000000000000000000000000010000000000100000000000000010000000000000000000000000-000t00000099999aaaaa0llllohqrqropmnv----------------------------------------v-------f------G---------------------------------------------------------000000000001000000000000000000000000000000000000000000000000000000000000000000000000000000000000000000000001000000000000000000000000000000000001000000------------------------------------vvvvvvvvv---------------------------------------------------------------------------------------------------------
_SEEDS_011111111001111111111111111111111111000000000000000000000000000000000000000000000000000000000000000000000000000000000000000000000000000000000000000000100000000001111111111000000000001111000000000000000000000000000000000000000000000000000000000000000000000000000000000000000000000000000000000000000000000000000000000000000000000000000000000000000000000000000000000000000000000000000000000000000000000000000000000000000000000000000000000000000000000000000000000000000000000000000000000000000000000000000000000000000000000000000000000000000000000000000000000000000000000000000000000000000000000000000000011110000000000000000000000000000000000000000000000000000000000000000000000000000000000000000000000000000000000000000000000000000000000000000000000000111111111111111111111111111111111111111111111000000000000000000000000000000000000000000000000000000000000000000000000000000000000000000000000000000000-000000000099999aaaaa0llllopqrqropmnv-----------------------------------------------------------------------------------------------------------------000000000000000000000000000000000000000000000000000000000000000000000000000000000000000000000000000000000000000000000000000000000000000000000000000000------------------------------------vvvvvvvvv---------------------------------------------------------------------------------------------------------;1.0;0.17984126984127002;0.24054576639335623;0.9398322359273124;0.9700848332306132;0.09746324528933224;0.5712945584469807;0.17984126984127002;0.17984126984127002;31;011110111001011111111111110111111101000000000000000000000000000001000000000001000000000000000000000000000000000000000000000000000000000010001000000000100000000001111011111000000000001111000000000000001000000000000000000000000001101000000000000000000000000000000000000000000000000101000100000001000001000000000010100000000000000000001000000000000000000000000000000000000000000000000000001000000000000000000000000000000000000000000000001000000000000000000000000000000000000010000000000000000000100000000000000000000000000000000000000000001000001000000000000000000000000000000000100000000000000000000000011110000000000000000000000000000000100000000000000000000000000000000000000000000000000000000000000000000100000000000000000000000000000000000000001000111111111011111110111111111111111111111011111000000000000000000000000000000000000000000000000000010000000000100000000000000010000000000000000000000000-000000000099999aaaaa0llllopqrqropmnv----------------------------------------v-------f----------------------------------------------------------------000000000001000000000000000000000000000000000000000000000000000000000000000000000000000001000000000000000000010000000000000000000000000000000000000000------------------------------------vvvvvvvvv---------------------------------------------------------------------------------------------------------
_SEEDS_011111111001111111111111111111111111000000000000000000000000000000000000000000000000000000000000000000000000000000000000000000000000000000000000000000100000000001111111111000000000001111000000000000000000000000000000000000000000000000000000000000000000000000000000000000000000000000000000000000000000000000000000000000000000000000000000000000000000000000000000000000000000000000000000000000000000000000000000000000000000000000000000000000000000000000000000000000000000000000000000000000000000000000000000000000000000000000000000000000000000000000000000000000000000000000000000000000000000000000000000011110000000000000000000000000000000000000000000000000000000000000000000000000000000000000000000000000000000000000000000000000000000000000000000000000111111111111111111111111111111111111111111111000000000000000000000000000000000000000000000000000000000000000000000000000000000000000000000000000000000-000000000099999aaaaa0llllopqrqropmnv-----------------------------------------------------------------------------------------------------------------000000000000000000000000000000000000000000000000000000000000000000000000000000000000000000000000000000000000000000000000000000000000000000000000000000------------------------------------vvvvvvvvv---------------------------------------------------------------------------------------------------------;1.0;0.19337301587301592;0.2614314298016027;0.9367236571328643;0.9682297746663072;0.08631859723500593;0.5743460791181326;0.19337301587301592;0.19337301587301592;31;011110111001011111111111110111111111000000000000000000000000000001000000000001000000000000000000000000000000000000000000000000000000100010001000000000100000000001111111111000000000001111000000000001001000000000000000000000000000101000000100000000000000000000000000000000000000000100000110000000000001000001000000100000000000000000000000000000000000000000000010000000000000000000000000001000000000000000000000000000000001000000000000001000000000000000000100000000000000000010000000000000000000100000000000000000000110000000100000000000001000000000000000000000000000010000000000100000000000000000000000011110000000000000000000000000000000100000000000000000000000010000000000000000000000000000000000000000000100000000000000000000000000000000000000001000111111111011111111111111111111111111111111111000000000000000000000000000000000000000000000000000010000000000100000000000000010000000000000000000000000-000000000099999aaaaa0llllohqrqrop8nv----------------------------------------v-------f------G---------------------------------------------------------000000000001000000000000000000000000000000000000000000000000000000000000000000000000000000000000000000000000000000000000000000000000000000000001000000------------------------------------vvvvvvvvv---------------------------------------------------------------------------------------------------------
_SEEDS_011111111001111111111111111111111111000000000000000000000000000000000000000000000000000000000000000000000000000000000000000000000000000000000000000000100000000001111111111000000000001111000000000000000000000000000000000000000000000000000000000000000000000000000000000000000000000000000000000000000000000000000000000000000000000000000000000000000000000000000000000000000000000000000000000000000000000000000000000000000000000000000000000000000000000000000000000000000000000000000000000000000000000000000000000000000000000000000000000000000000000000000000000000000000000000000000000000000000000000000000011110000000000000000000000000000000000000000000000000000000000000000000000000000000000000000000000000000000000000000000000000000000000000000000000000111111111111111111111111111111111111111111111000000000000000000000000000000000000000000000000000000000000000000000000000000000000000000000000000000000-000000000099999aaaaa0llllopqrqropmnv-----------------------------------------------------------------------------------------------------------------000000000000000000000000000000000000000000000000000000000000000000000000000000000000000000000000000000000000000000000000000000000000000000000000000000------------------------------------vvvvvvvvv---------------------------------------------------------------------------------------------------------;1.0;0.1759126984126984;0.08751883435656604;0.923237801792789;0.9579908308303786;0.0908312327473722;0.5392485663566341;0.1759126984126984;0.1759126984126984;31;011110111001011111111111110111111111000000001000000000000000000001000000000001000000000000000010000000000000000000000000000000000000100110001000000000110000000001111111111000000000001111000000000001001000000000000000000000010000101100000100000000000000000000000000100000000000100100000110000000000101000001000000100000000000000000000000000000000000000000000010000000000000000000000000001000000000000000000000000000000001000000000000011000000000000000000100000000000000000010000000000000000000100000000000000000000110000000100000000000001000000000000000000000000000010000000000100000000000001000000000011110000000000000000000000000000000100000000000000000000000010000000000000000000000000000000000000000000100000000000000000000000000000000000000001000111111111011111111111111111111111111111111111000000000000000000000000000000000000000000000000000010000000000100000000000000010000000000000000000000000-000000000099999aaaaa0llllohqrqrop8nv----------------------------------------v-------f------G---------------------------------------------------------000000000001000000000000000000000000000000000000000000000000000000000000000000000000000000000000000000000000000000000000000000000000000000000001000000------------------------------------vvvvvvvvv---------------------------------------------------------------------------------------------------------
_SEEDS_011111111001111111111111111111111111000000000000000000000000000000000000000000000000000000000000000000000000000000000000000000000000000000000000000000100000000001111111111000000000001111000000000000000000000000000000000000000000000000000000000000000000000000000000000000000000000000000000000000000000000000000000000000000000000000000000000000000000000000000000000000000000000000000000000000000000000000000000000000000000000000000000000000000000000000000000000000000000000000000000000000000000000000000000000000000000000000000000000000000000000000000000000000000000000000000000000000000000000000000000011110000000000000000000000000000000000000000000000000000000000000000000000000000000000000000000000000000000000000000000000000000000000000000000000000111111111111111111111111111111111111111111111000000000000000000000000000000000000000000000000000000000000000000000000000000000000000000000000000000000-000000000099999aaaaa0llllopqrqropmnv-----------------------------------------------------------------------------------------------------------------000000000000000000000000000000000000000000000000000000000000000000000000000000000000000000000000000000000000000000000000000000000000000000000000000000------------------------------------vvvvvvvvv---------------------------------------------------------------------------------------------------------;1.0;0.19581349206349208;0.3072044374429814;0.9495915978128976;0.9690829267912601;0.1316893368609055;0.5922302984952561;0.19581349206349208;0.19581349206349208;31;011110111001011111111111110111111111000000000000000000000000000001000000000001000000000000000000000000000000000000000000000000000000100010001000000000100000000001111111111000000000001111000000000000001000000000000000000000000000101000000100000000000000000000000000000100000001000101000100000001000001000000000000100000000000000000000000000000000000000000000000000000000000000000000000001000000000000000000000000000000000000000000000001000000000000000000000000000000000000010000000000000000000100000000000000000000000000000000000000000001000001000000000000000010000000000000000100000000000000000000000011110000000000000000000010000000000100000000000000000000000000000000000000000000000100000000000000000000000000000000000000000000000000000000000001000111111111011111110111111111111111111111011111000000000000000000000000000000000000000000000000000010000000000100000000000000010000000000000000000000000-000000000099999aaaaa0llllopqrqropmnv----------------4-----------------------v-------f----------------------------------------------------------------000000000001000000000000000000000000000000000000000000000000000000000000000000000000000001000000000000000000010000000000000000000000000000000000000000------------------------------------vvvvvvvvv---------------------------------------------------------------------------------------------------------
_SEEDS_011111111001111111111111111111111111000000000000000000000000000000000000000000000000000000000000000000000000000000000000000000000000000000000000000000100000000001111111111000000000001111000000000000000000000000000000000000000000000000000000000000000000000000000000000000000000000000000000000000000000000000000000000000000000000000000000000000000000000000000000000000000000000000000000000000000000000000000000000000000000000000000000000000000000000000000000000000000000000000000000000000000000000000000000000000000000000000000000000000000000000000000000000000000000000000000000000000000000000000000000011110000000000000000000000000000000000000000000000000000000000000000000000000000000000000000000000000000000000000000000000000000000000000000000000000111111111111111111111111111111111111111111111000000000000000000000000000000000000000000000000000000000000000000000000000000000000000000000000000000000-000000000099999aaaaa0llllopqrqropmnv-----------------------------------------------------------------------------------------------------------------000000000000000000000000000000000000000000000000000000000000000000000000000000000000000000000000000000000000000000000000000000000000000000000000000000------------------------------------vvvvvvvvv---------------------------------------------------------------------------------------------------------;1.0;0.19958333333333356;0.29025295580547916;0.9426292694233871;0.9688126102292769;0.13027837431268802;0.5885927571840274;0.19958333333333356;0.19958333333333356;31;011110111001011111111111110111111111000000000000000000000000000001000000000001000000000000000000000000000000000000000000000000000000100010001000000000100000000001111111111000000000001011000000000001001000000000000000000000000000101000000100000000000000000000000000000000000000000100000110000000000001000001000000100000000000000000000000000000000000000000000010000000000000000000000000001000000000000000000000000000000001000000000000001000000000000000000100000000000000000010100000000000000000100000000000000000000110000000100000000000001000000000000000000000000000010000000000100000000000000000000000011110000000000000000000000001000000100000000000000000000000010000000100000000000000000000000000000000000100000000000000000000000000000000000000001000111111111011111110111111111111111111111011111000000000000000000000000000000000000000010000000000010000000000100000000000000010000001000000000000000000-000000000099999aaaaa0llllopqrqroppnv----------------4-----------------------v--b----f---------------------------------------z------------------------000000000001000000000000000000000010000000000000000000000000100000000000000000000000000001000000000000000000010000000000000000000000000000010000000000------------------------------------vvvvvvvvv---------------------------------------------------------------------------------------------------------
_SEEDS_011111111001111111111111111111111111000000000000000000000000000000000000000000000000000000000000000000000000000000000000000000000000000000000000000000100000000001111111111000000000001111000000000000000000000000000000000000000000000000000000000000000000000000000000000000000000000000000000000000000000000000000000000000000000000000000000000000000000000000000000000000000000000000000000000000000000000000000000000000000000000000000000000000000000000000000000000000000000000000000000000000000000000000000000000000000000000000000000000000000000000000000000000000000000000000000000000000000000000000000000011110000000000000000000000000000000000000000000000000000000000000000000000000000000000000000000000000000000000000000000000000000000000000000000000000111111111111111111111111111111111111111111111000000000000000000000000000000000000000000000000000000000000000000000000000000000000000000000000000000000-000000000099999aaaaa0llllopqrqropmnv-----------------------------------------------------------------------------------------------------------------000000000000000000000000000000000000000000000000000000000000000000000000000000000000000000000000000000000000000000000000000000000000000000000000000000------------------------------------vvvvvvvvv---------------------------------------------------------------------------------------------------------;1.0;0.19714285714285706;0.2665907864848144;0.9418773430131165;0.9691397758831969;0.10078009921082678;0.5792551436224687;0.19714285714285706;0.19714285714285706;31;011110111001011111111111110111111111000000000000000000000000000001000000000001000000000000000000000000000000000000000000000000000000100010001000000000100000000001111111111000000000001111000000000001001000000000000000000000000000101000000100000000000000000000000000000000000000000100000110000000000001000001000000100000000000000000000000000000000000000000000000000000000000000000000000001000000000000000000000000000000001000000000000001000000000000000000000000000000000000010000000000000000000100000000000000000000100000000100000000000001000000000000000000000000000000000000000100000000000000000000000011110000000000000000000000000000000100000000000000000000000000000000000000000000000000000000000000000000100000000000000000000000000000000000000001000111111111011111111111111111111111111111111111000000000000000000000000000000000000000000000000000010000000000100000000000000010000000000000000000000000-000000000099999aaaaa0llllohqrqropmnv----------------------------------------v-------f------G---------------------------------------------------------000000000001000000000000000000000000000000000000000000000000000000000000000000000000000000000000000000000000000000000000000000000000000000000001000000------------------------------------vvvvvvvvv---------------------------------------------------------------------------------------------------------
_SEEDS_011111111001111111111111111111111111000000000000000000000000000000000000000000000000000000000000000000000000000000000000000000000000000000000000000000100000000001111111111000000000001111000000000000000000000000000000000000000000000000000000000000000000000000000000000000000000000000000000000000000000000000000000000000000000000000000000000000000000000000000000000000000000000000000000000000000000000000000000000000000000000000000000000000000000000000000000000000000000000000000000000000000000000000000000000000000000000000000000000000000000000000000000000000000000000000000000000000000000000000000000011110000000000000000000000000000000000000000000000000000000000000000000000000000000000000000000000000000000000000000000000000000000000000000000000000111111111111111111111111111111111111111111111000000000000000000000000000000000000000000000000000000000000000000000000000000000000000000000000000000000-000000000099999aaaaa0llllopqrqropmnv-----------------------------------------------------------------------------------------------------------------000000000000000000000000000000000000000000000000000000000000000000000000000000000000000000000000000000000000000000000000000000000000000000000000000000------------------------------------vvvvvvvvv---------------------------------------------------------------------------------------------------------;1.0;0.19531746031746033;0.30644421640844066;0.9484117803197087;0.9714351347684681;0.1510157238588611;0.5954373859454898;0.19531746031746033;0.19531746031746033;31;011110111001011111111111110111111111000000000000000000000000000001000000000001000000000000000000000000000000000100000000000000000000100010001000000000100000000001111111111000000000001111000000000000001000000000000000000000000000101000000100000000000000000000000000000100000001000101100100000001000001000000000000100001000000000000000000000000000000000000000000000000000000000000000000001000000000000000000000000000000000000000000000001000000000000000000000000000000000000010000000000000000000100000000000000000000000000000000000000000001000001000000000000000011000000000000000100000000000000000000000011110000000000000000000010000000000100000000000000000000000000000000000000000000000100000000000000000000000000000000000000000000000000000000000001000111111111011111110111111111111111111111011111000000000000000000000000000000000000000000000000000010000000000100000010000000010000000000000000000000000-000000000099999aaaaa0llllopqrqropmnv--------------------------------------o---------------------F------m---------B------A----------------------------000000000000000001000000000000000000000000000000000000000000000000100000000000010000000000000000000000000000000000000000000000000000000000100000000000------------------------------------vvvvvvvvv---------------------------------------------------------------------------------------------------------
_SEEDS_011111111001111111111111111111111111000000000000000000000000000000000000000000000000000000000000000000000000000000000000000000000000000000000000000000100000000001111111111000000000001111000000000000000000000000000000000000000000000000000000000000000000000000000000000000000000000000000000000000000000000000000000000000000000000000000000000000000000000000000000000000000000000000000000000000000000000000000000000000000000000000000000000000000000000000000000000000000000000000000000000000000000000000000000000000000000000000000000000000000000000000000000000000000000000000000000000000000000000000000000011110000000000000000000000000000000000000000000000000000000000000000000000000000000000000000000000000000000000000000000000000000000000000000000000000111111111111111111111111111111111111111111111000000000000000000000000000000000000000000000000000000000000000000000000000000000000000000000000000000000-000000000099999aaaaa0llllopqrqropmnv-----------------------------------------------------------------------------------------------------------------000000000000000000000000000000000000000000000000000000000000000000000000000000000000000000000000000000000000000000000000000000000000000000000000000000------------------------------------vvvvvvvvv---------------------------------------------------------------------------------------------------------;1.0;0.21646825396825398;0.2722575172629621;0.9516337583984643;0.9714316074316074;0.1435553615994792;0.5925577497767945;0.21646825396825398;0.21646825396825398;31;011110111001011111111111110111111111000000000000000000000000000001000000000001000000000000000000000000000000000000000000000000000000000010001000000000100000000001111111111000000000001111000000000000001000000000000000000000000001101000000000000000000000000000000000000000000000000000000100000000000000000000000000100000000000000000000000000000000000000000000000000000000000000000000000001000000000000000000000000000000001000000000000001000000000000000000000000000000000000010000000000000000000100000000000000000000000000000000000010000000001000000000000000000000000000000000000000000000000100000000000011110000000000000000010000000000000000000000000000000000000001000000000000000000000000000000000000000000100000000000010000000001000100000000000000000111111111111111111111111111111101111111111111001000000000000000000000010000000000000000000000000000000000000000000000000000000000000000000000000000000-900000000099999aa7aa0llllopqrqropmnv--------------------------------------o---------------------F------m---------B------A----------------------------000000000000000001000000000000000000000000000000000000000000000000100000000000010000000000000000000000000000000000000000000000000000000000100000000000------------------------------------vvvvvvvvv---------------------------------------------------------------------------------------------------------
_SEEDS_011111111001111111111111111111111111000000000000000000000000000000000000000000000000000000000000000000000000000000000000000000000000000000000000000000100000000001111111111000000000001111000000000000000000000000000000000000000000000000000000000000000000000000000000000000000000000000000000000000000000000000000000000000000000000000000000000000000000000000000000000000000000000000000000000000000000000000000000000000000000000000000000000000000000000000000000000000000000000000000000000000000000000000000000000000000000000000000000000000000000000000000000000000000000000000000000000000000000000000000000011110000000000000000000000000000000000000000000000000000000000000000000000000000000000000000000000000000000000000000000000000000000000000000000000000111111111111111111111111111111111111111111111000000000000000000000000000000000000000000000000000000000000000000000000000000000000000000000000000000000-000000000099999aaaaa0llllopqrqropmnv-----------------------------------------------------------------------------------------------------------------000000000000000000000000000000000000000000000000000000000000000000000000000000000000000000000000000000000000000000000000000000000000000000000000000000------------------------------------vvvvvvvvv---------------------------------------------------------------------------------------------------------;1.0;0.17315476190476164;0.2315921987502345;0.9343394879946113;0.9667040203607765;0.0953959412441936;0.5668644017090964;0.17315476190476164;0.17315476190476164;31;011110111000011111111110111111111111000000000000000000000000000000000000000001000000000000000000000000000000000100000000000000000000000010001000000000100000000001111111111000000100001111000000000000001000000000000000000000000000101000000000000000000000000000000000000100000000000101000100000001000001000000000000100000000000000000000000000000000000000000000000000000000000000000000000001000000000000000000000000000000000000000000000001000000000000000000000000000000000000010000000000000000000100000000000000000000000000000000000000000001000001000000000000000000000000000000000100000000000000000000000011110000000000000000000000000000000100000000000000000000000000000000000000000000000000000000000000000000100000000000000000000000000000000000000001000111111111011111110111111111111111111111011111000000000000000000000000000000000000000000000000000010000000000100000000000000010000000000000000000000000-000000000099999aaaaa0llllopqrqropmnv----------------------------------------v-------f----------------------------------------------------------------000000000001000000000000000000000000000000000000000000000000000000000000000000000000000001000000000000000000010000000000000000000000000000000000000000------------------------------------vvvvvvvvv---------------------------------------------------------------------------------------------------------
_SEEDS_011111111001111111111111111111111111000000000000000000000000000000000000000000000000000000000000000000000000000000000000000000000000000000000000000000100000000001111111111000000000001111000000000000000000000000000000000000000000000000000000000000000000000000000000000000000000000000000000000000000000000000000000000000000000000000000000000000000000000000000000000000000000000000000000000000000000000000000000000000000000000000000000000000000000000000000000000000000000000000000000000000000000000000000000000000000000000000000000000000000000000000000000000000000000000000000000000000000000000000000000011110000000000000000000000000000000000000000000000000000000000000000000000000000000000000000000000000000000000000000000000000000000000000000000000000111111111111111111111111111111111111111111111000000000000000000000000000000000000000000000000000000000000000000000000000000000000000000000000000000000-000000000099999aaaaa0llllopqrqropmnv-----------------------------------------------------------------------------------------------------------------000000000000000000000000000000000000000000000000000000000000000000000000000000000000000000000000000000000000000000000000000000000000000000000000000000------------------------------------vvvvvvvvv---------------------------------------------------------------------------------------------------------;1.0;0.18128968253968247;0.22722103629222823;0.944158598490904;0.972235752473391;0.09735932047579533;0.5703773983786669;0.18128968253968247;0.18128968253968247;31;011110111001011111111111110111111111000000000000000000000000000001000000000001000000000000000000000000000000000000000000000000010000000010001000000000100000000001111111111000000000001111000000000000001000010000000000000000000001101000000000000000000000000000000000000000000000000000000100000000000000000000000000100000000000000000000000000000000000000000000000000000000000000000000000001000000000000000000000000000000000000000000001001000000000000000000000000000000000000010000000000000000000100000000000000000000000000000000000000000011000000000000000000000000000010000000000100000000000000000000000011110000000000000000000000000000000100000000000000000000000000000000000000000000000000000000000000000000100000000000000000000000000000000000000001000111111111011111111111111111111111111111111111000000000000000000000000000000000000000000000000000010000000000100000000000000010000000000000000000000000-000000000099999aaaaa0llllopqrqropmnv----------------------------------------v-------f----------------------------------------------------------------000000000001000000000000000000000000000000000000000000000000000000000000000000000000000000000000000000000000000000000000000000000000000000000001000000------------------------------------vvvvvvvvv---------------------------------------------------------------------------------------------------------
_SEEDS_011111111001111111111111111111111111000000000000000000000000000000000000000000000000000000000000000000000000000000000000000000000000000000000000000000100000000001111111111000000000001111000000000000000000000000000000000000000000000000000000000000000000000000000000000000000000000000000000000000000000000000000000000000000000000000000000000000000000000000000000000000000000000000000000000000000000000000000000000000000000000000000000000000000000000000000000000000000000000000000000000000000000000000000000000000000000000000000000000000000000000000000000000000000000000000000000000000000000000000000000011110000000000000000000000000000000000000000000000000000000000000000000000000000000000000000000000000000000000000000000000000000000000000000000000000111111111111111111111111111111111111111111111000000000000000000000000000000000000000000000000000000000000000000000000000000000000000000000000000000000-000000000099999aaaaa0llllopqrqropmnv-----------------------------------------------------------------------------------------------------------------000000000000000000000000000000000000000000000000000000000000000000000000000000000000000000000000000000000000000000000000000000000000000000000000000000------------------------------------vvvvvvvvv---------------------------------------------------------------------------------------------------------;1.0;0.16581349206349205;0.07008656717926143;0.9231390613143085;0.966311890592014;0.1373487725290382;0.5437832972796858;0.16581349206349205;0.16581349206349205;31;011110111000011111111111111111111111000000000000000000000000000000000000000001000000000000000100000000000000000100000000000000000000000010001000000000100000000001111111111000000000001111000000000000001000000000000000000000000000101000000000000000000000000000000000000000000000000000001100000000000000000000000001100000000000000000000000000000000000000000000000000000000000000000000000001000000001000000000000000100000000000000000000001000000000000010000000000000000001000010000000000000000000100000000000000000000001000000000000000001001000000000000000000000000000000000000000100000000000000000000000011110000000000010000000010000000000100000000000000000000000000000000000000000000000000000000000000000000100000010000010000000001000100000000000000000111111111111111111111101111111101111111101111001000000000000000000000010100000000000000000000100000000000000000000000000000001000000000000000000000000-0000000000999x9aaaaa0llllopqrqropmnv---------------------7-------------------------------------------------------------------------------------------010000000001000000000000000000000000000000000000000000000000000000000000000000000000000000000000000000000000000000000000000000000000000000000001000000------------------------------------vvvvvvvvv---------------------------------------------------------------------------------------------------------
_SEEDS_011111111001111111111111111111111111000000000000000000000000000000000000000000000000000000000000000000000000000000000000000000000000000000000000000000100000000001111111111000000000001111000000000000000000000000000000000000000000000000000000000000000000000000000000000000000000000000000000000000000000000000000000000000000000000000000000000000000000000000000000000000000000000000000000000000000000000000000000000000000000000000000000000000000000000000000000000000000000000000000000000000000000000000000000000000000000000000000000000000000000000000000000000000000000000000000000000000000000000000000000011110000000000000000000000000000000000000000000000000000000000000000000000000000000000000000000000000000000000000000000000000000000000000000000000000111111111111111111111111111111111111111111111000000000000000000000000000000000000000000000000000000000000000000000000000000000000000000000000000000000-000000000099999aaaaa0llllopqrqropmnv-----------------------------------------------------------------------------------------------------------------000000000000000000000000000000000000000000000000000000000000000000000000000000000000000000000000000000000000000000000000000000000000000000000000000000------------------------------------vvvvvvvvv---------------------------------------------------------------------------------------------------------;1.0;0.18686507936507957;0.34605891378790576;0.9540000847507963;0.9657626708218814;0.10618480745930836;0.5931452593641618;0.18686507936507957;0.18686507936507957;31;011110111001011111111111110111111111000000000000000000000000000001000000000001000000000000000000000000000000001000000000000000000000100010001000000000100000000001111111111000000000001111000000000001001000000000000000000000000000101000000100000000000000000000000000000000000000000100000110000000000001000001000000100000000000000000000000000000000000000000000000000000000000000100000000001000000000000000000000000000000000000000000001001000000000000000000000000000000000000010000000100000000000100000000000000000000000000000000000000000011000000000000000000000000000010000000000100000000000000000000000010110000000000000000000000000000000100000000000000000000000000000000000000000000000000000000000000000000100000000000000000000000000000000000000001000111111111001111111111111111111111111111111111000000000000000000000000000000000000000000000000000010000000000100000000000000010000000000000000000000000-000000000099999aaaaa0llllopqrqropmnv----------------------------------------v-------f----------------------------------------------------------------000000000001000000000000000000000000000000000000000000000000000000000000000000000000000000000000000000000000000000000000000000000000000000000001000000------------------------------------vvvvvvvvv---------------------------------------------------------------------------------------------------------
_SEEDS_011111111001111111111111111111111111000000000000000000000000000000000000000000000000000000000000000000000000000000000000000000000000000000000000000000100000000001111111111000000000001111000000000000000000000000000000000000000000000000000000000000000000000000000000000000000000000000000000000000000000000000000000000000000000000000000000000000000000000000000000000000000000000000000000000000000000000000000000000000000000000000000000000000000000000000000000000000000000000000000000000000000000000000000000000000000000000000000000000000000000000000000000000000000000000000000000000000000000000000000000011110000000000000000000000000000000000000000000000000000000000000000000000000000000000000000000000000000000000000000000000000000000000000000000000000111111111111111111111111111111111111111111111000000000000000000000000000000000000000000000000000000000000000000000000000000000000000000000000000000000-000000000099999aaaaa0llllopqrqropmnv-----------------------------------------------------------------------------------------------------------------000000000000000000000000000000000000000000000000000000000000000000000000000000000000000000000000000000000000000000000000000000000000000000000000000000------------------------------------vvvvvvvvv---------------------------------------------------------------------------------------------------------;1.0;0.18255952380952367;0.24380359918218808;0.9410395352268417;0.9721019279874434;0.131712632484296;0.5785362031150488;0.18255952380952367;0.18255952380952367;31;011110111001011111101111110111111111000000000000000000000000000001000000000001000000000000000000000000000000000000000000000000000001100010001000000000100000000001111111111000000000001111000000000001001000000000000000000000000000101000000100000000000000000000000000000000000000000100000110000000000001000001000000100000000000000000000000000000000000000000000000000000000000000000000000001000000000000000000000000000000001000000000000001000000000000000000000000000000000000010000010000000000000100000000000000000000100000000100000000000001000000000000000000000000000000000000000100000000000000000000100011110000000000000000000000000000000100000000000000000000000000000000000000000000000000000000000000000000100000000000000000000000000000000000000001000111111111011111111111111111111111111111111111000010000000000000000000010000000000000000000000000010000000000100000000000000010000000000000000000000000-000000000099999aaaaa0llllopqrqropmnv----------------------------------------v-------f----------------------------------------------------------------000000000000000000000000000000000000000000000000000000000000000000000000000000000000000001000000000000000000010000010000000000000000000000000000000000------------------------------------vvvvvvvvv---------------------------------------------------------------------------------------------------------
_SEEDS_011111111001111111111111111111111111000000000000000000000000000000000000000000000000000000000000000000000000000000000000000000000000000000000000000000100000000001111111111000000000001111000000000000000000000000000000000000000000000000000000000000000000000000000000000000000000000000000000000000000000000000000000000000000000000000000000000000000000000000000000000000000000000000000000000000000000000000000000000000000000000000000000000000000000000000000000000000000000000000000000000000000000000000000000000000000000000000000000000000000000000000000000000000000000000000000000000000000000000000000000011110000000000000000000000000000000000000000000000000000000000000000000000000000000000000000000000000000000000000000000000000000000000000000000000000111111111111111111111111111111111111111111111000000000000000000000000000000000000000000000000000000000000000000000000000000000000000000000000000000000-000000000099999aaaaa0llllopqrqropmnv-----------------------------------------------------------------------------------------------------------------000000000000000000000000000000000000000000000000000000000000000000000000000000000000000000000000000000000000000000000000000000000000000000000000000000------------------------------------vvvvvvvvv---------------------------------------------------------------------------------------------------------;1.0;0.16355158730158703;0.022220227797261627;0.9132017798736065;0.9703501525240655;0.09904759096574953;0.5280618897437117;0.16355158730158703;0.16355158730158703;31;011110111001011111111111111111111110000000001000000000000000000000000000000000100000000000000000000010000000000000000000000000000000010000000000100000100000000001111111111000000000001111000000100000100000000000000000000000000000000000001000000000000000000100000000000000000000000000000000000000000000000001000000010000000000000000000000000000000000000000000000000000000000000000000000000000001000000000000000000010000000000000000000000000000000000000000001000000000000000001000000000000000000000000000000000000000000000000000000000000000000000000000000000000000000000000000000000000000000000000000000011110000100001000000000000000000000000000000000000000000000000000000000100000000000000000000000100000000000000000000000000000000000000010000000000000111111111111111111111111111111101111111111111000000010000001000000000000000000000000000000000000000001000000110000000000000000000000000000000000000000-000000000099999aaaaa0llllopqrqropmnv------------------------B------------------8----------------------------------------j-------------------------Ò--000000000000000000000000000000000000000000000000000000000000100000000000001000000000000000000000000000000000000000000000000000000001010100000000000000------------------------------------vvvvvvvvv---------------------------------------------------------------------------------------------------------
_SEEDS_011111111001111111111111111111111111000000000000000000000000000000000000000000000000000000000000000000000000000000000000000000000000000000000000000000100000000001111111111000000000001111000000000000000000000000000000000000000000000000000000000000000000000000000000000000000000000000000000000000000000000000000000000000000000000000000000000000000000000000000000000000000000000000000000000000000000000000000000000000000000000000000000000000000000000000000000000000000000000000000000000000000000000000000000000000000000000000000000000000000000000000000000000000000000000000000000000000000000000000000000011110000000000000000000000000000000000000000000000000000000000000000000000000000000000000000000000000000000000000000000000000000000000000000000000000111111111111111111111111111111111111111111111000000000000000000000000000000000000000000000000000000000000000000000000000000000000000000000000000000000-000000000099999aaaaa0llllopqrqropmnv-----------------------------------------------------------------------------------------------------------------000000000000000000000000000000000000000000000000000000000000000000000000000000000000000000000000000000000000000000000000000000000000000000000000000000------------------------------------vvvvvvvvv---------------------------------------------------------------------------------------------------------;1.0;0.19027777777777766;0.28421151382298404;0.9494042736302798;0.9729628780505973;0.08958678724029602;0.5810738717536559;0.19027777777777766;0.19027777777777766;31;011110111001011111111111111111111111000000000000000000000000000000000000000001000000000000000000000000000000000000000000000000000000000010001000000000100000000001111111111000000000001111000000000000001000000000000000000000000000101000000000000000000000000000000000000000000000000000000100000000000000000000000000100000000000000000000000000000000000000000000000000000000000000000000000001000000000000000000000000000000000000000000000001000000000000000000000000000000000000010000000000000000000100000000000000000000000000000000000000000001000000000000000000000000000000000000000100000000000000000000000011110000000000000000000000000000000100000000000000000000000000000000000000000000000000000000000000000000000000000000000000000000000000000000000001000111111111111111111111111111111111111111111111000000000000000000000000000000000000000000000000000010000000000100000000000000010000000000000000000000000-000000000099999aaaaa0llllopqrqropmnv----------------------------------------v-------f----------------------------------------------------------------000000000000000000000000000000000000000000000000000000000000000000000000000000010001000000000000000000000000000000000000000000000000000000000000000000------------------------------------vvvvvvvvv---------------------------------------------------------------------------------------------------------
_SEEDS_011111111001111111111111111111111111000000000000000000000000000000000000000000000000000000000000000000000000000000000000000000000000000000000000000000100000000001111111111000000000001111000000000000000000000000000000000000000000000000000000000000000000000000000000000000000000000000000000000000000000000000000000000000000000000000000000000000000000000000000000000000000000000000000000000000000000000000000000000000000000000000000000000000000000000000000000000000000000000000000000000000000000000000000000000000000000000000000000000000000000000000000000000000000000000000000000000000000000000000000000011110000000000000000000000000000000000000000000000000000000000000000000000000000000000000000000000000000000000000000000000000000000000000000000000000111111111111111111111111111111111111111111111000000000000000000000000000000000000000000000000000000000000000000000000000000000000000000000000000000000-000000000099999aaaaa0llllopqrqropmnv-----------------------------------------------------------------------------------------------------------------000000000000000000000000000000000000000000000000000000000000000000000000000000000000000000000000000000000000000000000000000000000000000000000000000000------------------------------------vvvvvvvvv---------------------------------------------------------------------------------------------------------;1.0;0.21311507936507945;0.31442942460456547;0.9468126304523363;0.9725252525252526;0.1278394590159296;0.5957869743271939;0.21311507936507945;0.21311507936507945;31;011110111001011111111111110111111111000000000000000000000000000001000000000001000000000000000000000000000000000000000000000000000000000010001000000000100000000001111011111000000000001111000000000000001000000000000000000000000001101000000000000000000000000000010000000000000000000000000100000000000000000000000000100000000000000000000000000000000000000000000000000000000000000000000000001000000000000000000000000000000001000000000000001000000000000000000000000000000000000010000000000000000000100000000000000000000000000000000000010000000001000000000000000000000000000000000000000000000000100000000000011110000000000000000000000000000000100000000000000000000000000000000000000000000000000000000000000000000100000000000000000000000000000000000000001000111111111011111110111111111111111111111011111000000000000000000000000000000000000000000000000000010000000000100000000000000010000000000000000000000001-000000000099999baaaa0llllopqrqropmnv----------------------------------------v-------f----------------------------------------------------------------000000000001000000100000000000000000000000000000000000000000001000000000000000000000000001000000000000000000010000000000000000000000000010000000000000------------------------------------vvvvvvvvv---------------------------------------------------------------------------------------------------------
_SEEDS_011111111001111111111111111111111111000000000000000000000000000000000000000000000000000000000000000000000000000000000000000000000000000000000000000000100000000001111111111000000000001111000000000000000000000000000000000000000000000000000000000000000000000000000000000000000000000000000000000000000000000000000000000000000000000000000000000000000000000000000000000000000000000000000000000000000000000000000000000000000000000000000000000000000000000000000000000000000000000000000000000000000000000000000000000000000000000000000000000000000000000000000000000000000000000000000000000000000000000000000000011110000000000000000000000000000000000000000000000000000000000000000000000000000000000000000000000000000000000000000000000000000000000000000000000000111111111111111111111111111111111111111111111000000000000000000000000000000000000000000000000000000000000000000000000000000000000000000000000000000000-000000000099999aaaaa0llllopqrqropmnv-----------------------------------------------------------------------------------------------------------------000000000000000000000000000000000000000000000000000000000000000000000000000000000000000000000000000000000000000000000000000000000000000000000000000000------------------------------------vvvvvvvvv---------------------------------------------------------------------------------------------------------;1.0;0.19059523809523815;0.4037047002533227;0.9487171587171587;0.9610419528840581;0.08584009834009836;0.5983165247149794;0.19059523809523815;0.19059523809523815;31;011111111001111111111111111111111111000000000000010000000000000000100000000000000000000010000000000000001000000000000000000000000010000000000000001000100000000001111111111000000100001111000000000000000000000000000010000000000000000000001000000000000000000000000000000000000000000000000000000000000000000000000000000000000000000000000000010000010000000000100000000000000000000000000000010000000000000000000000110000001000000000000000000000000000000000000000000000000000000000000000000000000010000000000000000000000000000000000000010000000001000000000000000000000000000000000000000000000000100000000000011110000000000000000010000000000000000000000000000000000000000000000000000000000000000000000000000000000100000000000010000000001000100000000000000000111111111111111111111111111111101111111111111001000000000000000000000010000000000000000000000000000000000000000000000000000000000000000000000000000000-000000000099999aaaaa0llllopqrqropmnv--------------------------------------o---------------------F------m---------B------A----------------------------000000000000000001000000000000000000000000000000000000000000000000100000000000010000000000000000000000000000000000000000000000000000000000100000000000------------------------------------vvvvvvvvv---------------------------------------------------------------------------------------------------------
_SEEDS_011111111001111111111111111111111111000000000000000000000000000000000000000000000000000000000000000000000000000000000000000000000000000000000000000000100000000001111111111000000000001111000000000000000000000000000000000000000000000000000000000000000000000000000000000000000000000000000000000000000000000000000000000000000000000000000000000000000000000000000000000000000000000000000000000000000000000000000000000000000000000000000000000000000000000000000000000000000000000000000000000000000000000000000000000000000000000000000000000000000000000000000000000000000000000000000000000000000000000000000000011110000000000000000000000000000000000000000000000000000000000000000000000000000000000000000000000000000000000000000000000000000000000000000000000000111111111111111111111111111111111111111111111000000000000000000000000000000000000000000000000000000000000000000000000000000000000000000000000000000000-000000000099999aaaaa0llllopqrqropmnv-----------------------------------------------------------------------------------------------------------------000000000000000000000000000000000000000000000000000000000000000000000000000000000000000000000000000000000000000000000000000000000000000000000000000000------------------------------------vvvvvvvvv---------------------------------------------------------------------------------------------------------;1.0;0.1878373015873016;0.28418623923290587;0.9364989367930545;0.9684555919109695;0.0958350914509213;0.5788021934958588;0.1878373015873016;0.1878373015873016;31;011110111000011111111111111111111111000000000000000000000000000000000000000001000000000000000000000000000000000100000000000000000000000010001000000000100000000001111111111000000000001111000000000000001000000000000000000000000000101000000000000000000000000000000000000000000000000100000100000000000001000000000000100000000000000000000000000000000000000000000000000000000000000000000000001000000000000000000000000000000000000000000000001000000000000000000000000000000000000010000000000000000000100000000000000000000000000000000000000000001000000000000000000000000000000000000000100000000000000000000000011110000000000000000000000000000000100000000000000000000000000000000000000000000000000000000000000000000100000000000000000000000000000000000000001000111111111011111111111111111111111111111111111000000000000000000000000000000000000000000000000000010000000000100000000000000010000000000000000000000000-000000000099999aaaaa0llllopqrqropmnv----------------------------------------v-------f----------------------------------------------------------------000000000001000000000000000000000000000000000000000000000000000000000000000000000000000000000000000000000000000000000000000000000000000000000001000000------------------------------------vvvvvvvvv---------------------------------------------------------------------------------------------------------
_SEEDS_011111111001111111111111111111111111000000000000000000000000000000000000000000000000000000000000000000000000000000000000000000000000000000000000000000100000000001111111111000000000001111000000000000000000000000000000000000000000000000000000000000000000000000000000000000000000000000000000000000000000000000000000000000000000000000000000000000000000000000000000000000000000000000000000000000000000000000000000000000000000000000000000000000000000000000000000000000000000000000000000000000000000000000000000000000000000000000000000000000000000000000000000000000000000000000000000000000000000000000000000011110000000000000000000000000000000000000000000000000000000000000000000000000000000000000000000000000000000000000000000000000000000000000000000000000111111111111111111111111111111111111111111111000000000000000000000000000000000000000000000000000000000000000000000000000000000000000000000000000000000-000000000099999aaaaa0llllopqrqropmnv-----------------------------------------------------------------------------------------------------------------000000000000000000000000000000000000000000000000000000000000000000000000000000000000000000000000000000000000000000000000000000000000000000000000000000------------------------------------vvvvvvvvv---------------------------------------------------------------------------------------------------------;1.0;0.15706349206349202;0.10673295723997811;0.9357183172183172;0.972364293416925;0.09424363970416604;0.5443537832738131;0.15706349206349202;0.15706349206349202;31;011110111001011111111111111111111110000000001000000000000000000000000000000000100000000000000000000010000000000000000000000000000000010000000000100000100000000001111111111000000000001111000000100000100000000000000000000000000000000000001000000000000000000100000000000000000000000000000000000000000000000001000000010000000000000000000000000000000000000000000000000000000000000000000000000000001010000000000000000010000000000000000000000000001000000000000001000000000000000001000000000000000000000000000000000000000000000000000000000000001000000000000000000000000000000000000000100000000000000000000000011110000000000000000000000000000000100000000000000000000000000000000000000000000000000000000000000000000100000000000000000000000000000000000000001000111111111011111111111111111111111111111111111000000000000000000000000000000000000000000000000000010000000000100000000000000010000000010000000000000000-000000000099999aaaaa0llllopqrqropmnv------Ò---------------------------------v-------f----------------------------------------------------------------000000000001000000000000000000000000000000000000000000000000000000000000000000000000000000000000000000010000000000000000000000000100000000000001000000------------------------------------vvvvvvvvv---------------------------------------------------------------------------------------------------------
_SEEDS_011111111001111111111111111111111111000000000000000000000000000000000000000000000000000000000000000000000000000000000000000000000000000000000000000000100000000001111111111000000000001111000000000000000000000000000000000000000000000000000000000000000000000000000000000000000000000000000000000000000000000000000000000000000000000000000000000000000000000000000000000000000000000000000000000000000000000000000000000000000000000000000000000000000000000000000000000000000000000000000000000000000000000000000000000000000000000000000000000000000000000000000000000000000000000000000000000000000000000000000000011110000000000000000000000000000000000000000000000000000000000000000000000000000000000000000000000000000000000000000000000000000000000000000000000000111111111111111111111111111111111111111111111000000000000000000000000000000000000000000000000000000000000000000000000000000000000000000000000000000000-000000000099999aaaaa0llllopqrqropmnv-----------------------------------------------------------------------------------------------------------------000000000000000000000000000000000000000000000000000000000000000000000000000000000000000000000000000000000000000000000000000000000000000000000000000000------------------------------------vvvvvvvvv---------------------------------------------------------------------------------------------------------;1.0;0.19720238095238107;0.27341684164962354;0.935939766669131;0.9691637590708798;0.10118058813105253;0.579483889412178;0.19720238095238107;0.19720238095238107;31;011110111000011111111111111111111111000000000000000000000000000000000000000001000000000000000100000000000000000100000000000000000000000010001000000000000000000001111111111000000000001111000000000000001000000000000000000000000000101000000000000000000000000000000000000000000000000001000100000000000000000000000000100000000000000000000000000000000000000000000000000000000000000000000000001000000001000000000000000100010000000000000000001000000000000000000000000000000001000010000000000000000000100000000000000000000001000000000000000000001000000000000000000000000000000000000000100000000000000000000000011110000000000000000000000000000000100000000000000000000000000000000000000000000000000000000000000000000100000010000010000000001000000000000000000000111111111111111111111101111111101111111101111001000000000000000000000010000000000000000000000000000000000000000000000000000010000000000000000000000000-000000000099999aaaaa0llllopqrqropmnv----------------4-----------------------v-------f----------------------------------------------------------------000000000001000000000000000000000000000000000000010000000000000000000000000000000000000001000000000000000000010000100000000000000000000000000000000000------------------------------------vvvvvvvvv---------------------------------------------------------------------------------------------------------
_SEEDS_011111111001111111111111111111111111000000000000000000000000000000000000000000000000000000000000000000000000000000000000000000000000000000000000000000100000000001111111111000000000001111000000000000000000000000000000000000000000000000000000000000000000000000000000000000000000000000000000000000000000000000000000000000000000000000000000000000000000000000000000000000000000000000000000000000000000000000000000000000000000000000000000000000000000000000000000000000000000000000000000000000000000000000000000000000000000000000000000000000000000000000000000000000000000000000000000000000000000000000000000011110000000000000000000000000000000000000000000000000000000000000000000000000000000000000000000000000000000000000000000000000000000000000000000000000111111111111111111111111111111111111111111111000000000000000000000000000000000000000000000000000000000000000000000000000000000000000000000000000000000-000000000099999aaaaa0llllopqrqropmnv-----------------------------------------------------------------------------------------------------------------000000000000000000000000000000000000000000000000000000000000000000000000000000000000000000000000000000000000000000000000000000000000000000000000000000------------------------------------vvvvvvvvv---------------------------------------------------------------------------------------------------------;1.0;0.20150793650793664;0.33054798866744217;0.9467869438990129;0.9638862157766332;0.09326617730080727;0.589332543691972;0.20150793650793664;0.20150793650793664;31;011110111001011111111111110111111111000000000000000000000000000001000000000001000000000000000000000000000000000000000000000000000000100010001000000000100000000001111111111000000100001111000000000000001000000000000000000000000000101000000000000001000000000000000000000100000000000101100100000001000101000000000000100000000000000000000000000000000000000000000000000000000000000000000000001000000000000000000000000000000000000000000000001000000000000000000000000000000000000010000000000000000000100000000000000010000000000000000100000000001000001000000000000000000000000000000000100000000000000000000100011110010000000000000000000000000000100000000000000000000000000000000010000000000000000000000000000000000100000000000000000001000000000000000001001000111111011011111110111111111111111111111011111000000000000000000000000000000000000000000000000000010000000000100000000000000010000000000000000000000000-000000000099999aaaaa0llllopqrqropmnv----------------------------------------v-------f------------------------------------------------------5---------000000000001000000000000000000000000000000000000000000000000000000000000000000000000000001000000000000000000010000000000000000000000000000000000000000------------------------------------vvvvvvvvv---------------------------------------------------------------------------------------------------------
_SEEDS_011111111001111111111111111111111111000000000000000000000000000000000000000000000000000000000000000000000000000000000000000000000000000000000000000000100000000001111111111000000000001111000000000000000000000000000000000000000000000000000000000000000000000000000000000000000000000000000000000000000000000000000000000000000000000000000000000000000000000000000000000000000000000000000000000000000000000000000000000000000000000000000000000000000000000000000000000000000000000000000000000000000000000000000000000000000000000000000000000000000000000000000000000000000000000000000000000000000000000000000000011110000000000000000000000000000000000000000000000000000000000000000000000000000000000000000000000000000000000000000000000000000000000000000000000000111111111111111111111111111111111111111111111000000000000000000000000000000000000000000000000000000000000000000000000000000000000000000000000000000000-000000000099999aaaaa0llllopqrqropmnv-----------------------------------------------------------------------------------------------------------------000000000000000000000000000000000000000000000000000000000000000000000000000000000000000000000000000000000000000000000000000000000000000000000000000000------------------------------------vvvvvvvvv---------------------------------------------------------------------------------------------------------;1.0;0.1826984126984128;0.107590161131492;0.9447702982376657;0.9722278430173167;0.0897668398597191;0.549508925824101;0.1826984126984128;0.1826984126984128;31;011110111001011111111111111111111111000000000000000000000000000000000010000011000000000000000000000000000000000000000000000000000000000010001000000000100000000001111111111000000000001111000000000000001000000000000000000000000000101000000000000000000000000000000000000000000000000000000100000000000000000000000000100000000000000000000000000000000000000000000000000000000000000000000000001000000000000000000000000000000000000000000000001000000000000000000000000000000000000010000000000000000000100000000000000000000001000000000000000000001000000000000000000000000000000000000000100000000000000000000000011110000000000000000000000000000000100000000000000000000000000000000000000000000000000000000000000000000100000000000010000000001000100000000000000000111111111111111111111101111111101111111111111001000000000000000000000010000000000000000000000000000000000000000000000000000000000000000000000000000000-000000000099999aaaaa0llllopqrqropmnv---------------------7-------------------------------w------F--D---m---------B------A-------------------------H--000000000000000011000000000000000000000000000000000000000000000000100000000000010000000000000000000000000000000000000000000000000000000000100001000000------------------------------------vvvvvvvvv---------------------------------------------------------------------------------------------------------
_SEEDS_011111111001111111111111111111111111000000000000000000000000000000000000000000000000000000000000000000000000000000000000000000000000000000000000000000100000000001111111111000000000001111000000000000000000000000000000000000000000000000000000000000000000000000000000000000000000000000000000000000000000000000000000000000000000000000000000000000000000000000000000000000000000000000000000000000000000000000000000000000000000000000000000000000000000000000000000000000000000000000000000000000000000000000000000000000000000000000000000000000000000000000000000000000000000000000000000000000000000000000000000011110000000000000000000000000000000000000000000000000000000000000000000000000000000000000000000000000000000000000000000000000000000000000000000000000111111111111111111111111111111111111111111111000000000000000000000000000000000000000000000000000000000000000000000000000000000000000000000000000000000-000000000099999aaaaa0llllopqrqropmnv-----------------------------------------------------------------------------------------------------------------000000000000000000000000000000000000000000000000000000000000000000000000000000000000000000000000000000000000000000000000000000000000000000000000000000------------------------------------vvvvvvvvv---------------------------------------------------------------------------------------------------------;1.0;0.20384920634920634;0.09465615458034304;0.9329015973849566;0.9773148148148149;0.13327570033452385;0.5569995789106408;0.20384920634920634;0.20384920634920634;31;011110111001011111111111110111111111000000000000000000000000000001000000000001000000000000000000000000000000000000000000000000000000000010001000010000100000000001111111111000000000001111000000000000001000000000000000000000000001101000000000000000000000000000000000000000000000000000001100000000000000000000000000100000000000000000000000000000000000000000000000000000000000000000000000000000001000000000000000000010000000000000000000000000000000000000000001000000000000000001000000000000000000000000000000000000000000000000000000000000000000000000000000000000000000000000000000000000000000000000000000011110000100001000000000000100000000000000000000000000000000000000000000100000000000000000000000100000000000000000000000000000000000000010000000000000111111111111111111111111111111101111111111111000000010000001000000000000000000000000000000000000000001000000110000000000000000000000000000000000000000-000000000099999aaaaa0llllopqrqropmnv------------------------B------------------8----------------------------------------j-------------------------Ò--000000000000000000000000000000000000000000000000000000000000100000000000001000000000000000000000000000000000000000010000000000000001010100000000000000------------------------------------vvvvvvvvv---------------------------------------------------------------------------------------------------------
_SEEDS_011111111001111111111111111111111111000000000000000000000000000000000000000000000000000000000000000000000000000000000000000000000000000000000000000000100000000001111111111000000000001111000000000000000000000000000000000000000000000000000000000000000000000000000000000000000000000000000000000000000000000000000000000000000000000000000000000000000000000000000000000000000000000000000000000000000000000000000000000000000000000000000000000000000000000000000000000000000000000000000000000000000000000000000000000000000000000000000000000000000000000000000000000000000000000000000000000000000000000000000000011110000000000000000000000000000000000000000000000000000000000000000000000000000000000000000000000000000000000000000000000000000000000000000000000000111111111111111111111111111111111111111111111000000000000000000000000000000000000000000000000000000000000000000000000000000000000000000000000000000000-000000000099999aaaaa0llllopqrqropmnv-----------------------------------------------------------------------------------------------------------------000000000000000000000000000000000000000000000000000000000000000000000000000000000000000000000000000000000000000000000000000000000000000000000000000000------------------------------------vvvvvvvvv---------------------------------------------------------------------------------------------------------;1.0;0.1968055555555558;0.2696697722604623;0.9551929287639006;0.972807751070909;0.08106245483644864;0.579256410414546;0.1968055555555558;0.1968055555555558;31;011111111001111111111111111111111111000000000000010000000000000000100000000000000000000010000000000000001000000000000000000000000010000000000100001000100000000101111111111000000000001111000000000000000000000000000010000000000000000000001000000000010000000000000000000000000010000000000000000000000000000000000000000000000000000000000000010000010000000000100000000000000000000000000000010000000000000000000000110000001000000000000000000000000000000000000000000000000000000000000000000000000010000000000000000000000000000000000000010000000001000000000000000000000000000000000000000000000000100000000000011110000000000000000010000000000000000000000000000000000000000000000000000000000000000000000000000000000100000000000010000000001000100000000000000000111111111111111111111111111111101111111111111001000000000000000000000010000000000000000000000100000000000000000000000000000000000000000000000000000000-000000000099999aaaaa0llllopqvqropmnv----------------------------------------------------------------------------u------------------------------------000000000000000000000000000000000000000000000000000000000000000000000000000000000000000000000000000000000000000000000000000000000000000000000000000000------------------------------------vvvvvvvvv---------------------------------------------------------------------------------------------------------
_SEEDS_011111111001111111111111111111111111000000000000000000000000000000000000000000000000000000000000000000000000000000000000000000000000000000000000000000100000000001111111111000000000001111000000000000000000000000000000000000000000000000000000000000000000000000000000000000000000000000000000000000000000000000000000000000000000000000000000000000000000000000000000000000000000000000000000000000000000000000000000000000000000000000000000000000000000000000000000000000000000000000000000000000000000000000000000000000000000000000000000000000000000000000000000000000000000000000000000000000000000000000000000011110000000000000000000000000000000000000000000000000000000000000000000000000000000000000000000000000000000000000000000000000000000000000000000000000111111111111111111111111111111111111111111111000000000000000000000000000000000000000000000000000000000000000000000000000000000000000000000000000000000-000000000099999aaaaa0llllopqrqropmnv-----------------------------------------------------------------------------------------------------------------000000000000000000000000000000000000000000000000000000000000000000000000000000000000000000000000000000000000000000000000000000000000000000000000000000------------------------------------vvvvvvvvv---------------------------------------------------------------------------------------------------------;1.0;0.1906944444444444;0.1436128384514126;0.9446267576509512;0.9702753349134928;0.07975785997264324;0.5548278725721574;0.1906944444444444;0.1906944444444444;31;011110111001011111111111111111111111000000000000000000000000000000000010000011000000000010000000000000000000000000000000000000000010000000000000001000100000000001111111111000000100001111000000000000000000000000000010000000000000000000001000000000000000000000000000000000010000000000000000000000000000000000000000000000000000000000000000010000010000000000000000000000000000000000000000010000000000000000000000010000001000000000000000000000000000000000000000000000000000100000000000000000000010000000000000000000000000100000000000010000000001000000000000000000000000000000000000000000000000000000000000011110000000000000000010000000000000000000000000000000000000000000000000000000000000000000000000000000000100000000000010000000001000000000000000000000111111111111111111111111111111101111111111111001000000000000000000000010000000000000000000000000000000000000000000000000000000000000000000000000000000-000000000099999aaaaa0llllopqrqropmnv------------------------------------------------------------F------m---------B------A----------------------------100000000000000001000010000000000000000000000000000000000000000000100000000000010000000000000000000000000000000000000000000000000000000000100000000000------------------------------------vvvvvvvvv---------------------------------------------------------------------------------------------------------
_SEEDS_011111111001111111111111111111111111000000000000000000000000000000000000000000000000000000000000000000000000000000000000000000000000000000000000000000100000000001111111111000000000001111000000000000000000000000000000000000000000000000000000000000000000000000000000000000000000000000000000000000000000000000000000000000000000000000000000000000000000000000000000000000000000000000000000000000000000000000000000000000000000000000000000000000000000000000000000000000000000000000000000000000000000000000000000000000000000000000000000000000000000000000000000000000000000000000000000000000000000000000000000011110000000000000000000000000000000000000000000000000000000000000000000000000000000000000000000000000000000000000000000000000000000000000000000000000111111111111111111111111111111111111111111111000000000000000000000000000000000000000000000000000000000000000000000000000000000000000000000000000000000-000000000099999aaaaa0llllopqrqropmnv-----------------------------------------------------------------------------------------------------------------000000000000000000000000000000000000000000000000000000000000000000000000000000000000000000000000000000000000000000000000000000000000000000000000000000------------------------------------vvvvvvvvv---------------------------------------------------------------------------------------------------------;1.0;0.19454365079365077;0.30071379556134414;0.9358981563538016;0.9583914631617826;0.09294362068168203;0.5804151144253769;0.19454365079365077;0.19454365079365077;25;011110111001011111111111110111111111000000000000100000000000000001000000000001000000000100000000000000000000100100000000000000000000100010001000000000100000000001111111111000000000001111000000000000001000000000000000000000000000101000000100000000000000000000000000000100000001000101100100000001000001000000000000100001000000000000000000000000000000000000000000000000000000000000000000001000000000000000000000000000000000000000000000001000000000000000000000000000000000000010100000010000000000100000000000000000000000000000000000000000001000001000000000000000011000000000000000100000000000000000000000011110000000000000000000010000000000100000000000000000000000000000000000000000000000000000000000000000000100000010000010000000001000100000000000000000111111111111111111111101111111001111111101111001000000000000000000000010100000000000000000000100000000000000000000000000000001000000000000000000000000-0000000000999x9aaaaa0llllopqrqropmnv---------------------7-------------------------------------------------------------------------------------------010000000001000000000000000000000000000000000000000000000000000000000000000000000000000000000000000000000000000000000000000000000000000000000001000000------------------------------------ppppppppp---------------------------------------------------------------------------------------------------------
_SEEDS_011111111001111111111111111111111111000000000000000000000000000000000000000000000000000000000000000000000000000000000000000000000000000000000000000000100000000001111111111000000000001111000000000000000000000000000000000000000000000000000000000000000000000000000000000000000000000000000000000000000000000000000000000000000000000000000000000000000000000000000000000000000000000000000000000000000000000000000000000000000000000000000000000000000000000000000000000000000000000000000000000000000000000000000000000000000000000000000000000000000000000000000000000000000000000000000000000000000000000000000000011110000000000000000000000000000000000000000000000000000000000000000000000000000000000000000000000000000000000000000000000000000000000000000000000000111111111111111111111111111111111111111111111000000000000000000000000000000000000000000000000000000000000000000000000000000000000000000000000000000000-000000000099999aaaaa0llllopqrqropmnv-----------------------------------------------------------------------------------------------------------------000000000000000000000000000000000000000000000000000000000000000000000000000000000000000000000000000000000000000000000000000000000000000000000000000000------------------------------------vvvvvvvvv---------------------------------------------------------------------------------------------------------;1.0;0.17525793650793653;0.177132069577559;0.9372759662078548;0.9776780475831709;0.15549463836465735;0.570473109706863;0.17525793650793653;0.17525793650793653;12;011110111000011111111111111111111111000000000000000000000000000000000000000001000000000000000100000000000000000100000000000000000000000010001000000000100100000001111111111000000000001111000000000000001000000000000000000000000001101000000000000000000000000000000000000000000000000000000100000000000000000000000000100000000000000000000000000000000000000000000000000000000000000000000000001000000000000000000000000000000001000000000000001000000000000000000000000000000000000010000000000000000000100000000000000000000000000000000000010000000001000000000000000000000000000000000000000000000000100000000000011110000000000000000010000000000000000000000000000000000000001000010000000000000000000000000000000000000100000000000010000000001000100000000000000000111111111111111111111111111111101111111111111001000000100000000000000010000000000000000000000000000000000000000000000000000000000000000000000000000000-900000000099999aa7aa0llllopqrqropmnv--------------------------------------o---------------------F------m---------B------A----------------------------000000000000000001000000000000000000000000000000000000000000000000100000000000010000000000000000000000000000000000000000000000000000000000100000000000------------------------------------ccccccccc---------------------------------------------------------------------------------------------------------
_SEEDS_011111111001111111111111111111111111000000000000000000000000000000000000000000000000000000000000000000000000000000000000000000000000000000000000000000100000000001111111111000000000001111000000000000000000000000000000000000000000000000000000000000000000000000000000000000000000000000000000000000000000000000000000000000000000000000000000000000000000000000000000000000000000000000000000000000000000000000000000000000000000000000000000000000000000000000000000000000000000000000000000000000000000000000000000000000000000000000000000000000000000000000000000000000000000000000000000000000000000000000000000011110000000000000000000000000000000000000000000000000000000000000000000000000000000000000000000000000000000000000000000000000000000000000000000000000111111111111111111111111111111111111111111111000000000000000000000000000000000000000000000000000000000000000000000000000000000000000000000000000000000-000000000099999aaaaa0llllopqrqropmnv-----------------------------------------------------------------------------------------------------------------000000000000000000000000000000000000000000000000000000000000000000000000000000000000000000000000000000000000000000000000000000000000000000000000000000------------------------------------vvvvvvvvv---------------------------------------------------------------------------------------------------------;1.0;0.21593253968253967;0.4290225532699776;0.9617398070339247;0.9670683841736474;0.10937779885148306;0.6138568471685953;0.21593253968253967;0.21593253968253967;31;011111111001111111111111111111111111000000000000000000000000000000000000000000000000000010000000000000000000000000000000000100000010000000100000001000100000000001111111111000000100001111000000000100000000000000000010000000000000000000000000000000000000000000000000000000000000000010000000000000000000000000000000000000000000000000000000010000010000000000000000000000000000000100000000000000000000100000000000010000001000000000000001000000000000000000000000000000100000000000000000000000000000100000000100000000001000000000010000000000000000000000000000000000000000000000000000000000000000000000000000011110000000000000000000000000000000000000000100000000000000000000000000000000000000000000000000000000001000000000000000000010000000000000000000000000111111111111111111111111111011110111111111111000000000000000000000000000000000010000000000000000010000000000000000000000000000000000000000000000000000-000000000099999aaaaa0llllopqvqropmnv----------------------------------------------------------------------------u------------------------------------000000000000000000000000000000000000000000000000000000000000000000000000000000000000000000000000000000000000000000000000000000000000000000000000000000------------------------------------vvvvvvvvv---------------------------------------------------------------------------------------------------------
_SEEDS_011111111001111111111111111111111111000000000000000000000000000000000000000000000000000000000000000000000000000000000000000000000000000000000000000000100000000001111111111000000000001111000000000000000000000000000000000000000000000000000000000000000000000000000000000000000000000000000000000000000000000000000000000000000000000000000000000000000000000000000000000000000000000000000000000000000000000000000000000000000000000000000000000000000000000000000000000000000000000000000000000000000000000000000000000000000000000000000000000000000000000000000000000000000000000000000000000000000000000000000000011110000000000000000000000000000000000000000000000000000000000000000000000000000000000000000000000000000000000000000000000000000000000000000000000000111111111111111111111111111111111111111111111000000000000000000000000000000000000000000000000000000000000000000000000000000000000000000000000000000000-000000000099999aaaaa0llllopqrqropmnv-----------------------------------------------------------------------------------------------------------------000000000000000000000000000000000000000000000000000000000000000000000000000000000000000000000000000000000000000000000000000000000000000000000000000000------------------------------------vvvvvvvvv---------------------------------------------------------------------------------------------------------;1.0;0.2097023809523808;0.3810390634240206;0.9379510027719746;0.9577947290212736;0.0901468150072269;0.5961056651961462;0.2097023809523808;0.2097023809523808;31;011110111001011111111111110111111111000000000000000000000010000001000000000001000000000000000000000000000000000000000000000000000000100010001000000000100000000001111111111000000000001111000000000001001000000000000000000000000000101000000100000000000000000000000000000000000000000100000110000000000001000001000000100000000000000000000000000000000000010000000000000000000000000000000000001000000000000000000000000000000000000000000001001100000000000000000000000000000000000010000000000000000000100000000000000000000000000000000000000000011000000000000000000000000000010000000000100000000000000000000000011110000000000000000000000000000000100000000000000000000000000000000000000000000000000000000000000000000100000000000000000000000000000000000000001000111111111011111111111111111111111111111111111000000000000000000000000000000000000000000000000000010000000000100000000000000010000000000000000000000000-000000000099999aaaaa0llllopqrqropmnv----------------------------------------v-------f---------------------------------------------------A------------000000000001000000000000000000000000000000000000000000000000000000000000000000000000000000000000000000000000000000000000000000000000000000000001000000------------------------------------vvvvvvvvv---------------------------------------------------------------------------------------------------------
_SEEDS_011111111001111111111111111111111111000000000000000000000000000000000000000000000000000000000000000000000000000000000000000000000000000000000000000000100000000001111111111000000000001111000000000000000000000000000000000000000000000000000000000000000000000000000000000000000000000000000000000000000000000000000000000000000000000000000000000000000000000000000000000000000000000000000000000000000000000000000000000000000000000000000000000000000000000000000000000000000000000000000000000000000000000000000000000000000000000000000000000000000000000000000000000000000000000000000000000000000000000000000000011110000000000000000000000000000000000000000000000000000000000000000000000000000000000000000000000000000000000000000000000000000000000000000000000000111111111111111111111111111111111111111111111000000000000000000000000000000000000000000000000000000000000000000000000000000000000000000000000000000000-000000000099999aaaaa0llllopqrqropmnv-----------------------------------------------------------------------------------------------------------------000000000000000000000000000000000000000000000000000000000000000000000000000000000000000000000000000000000000000000000000000000000000000000000000000000------------------------------------vvvvvvvvv---------------------------------------------------------------------------------------------------------;1.0;0.19150793650793652;0.45988227959760164;0.9570812370812372;0.9702417903733693;0.09778273357220722;0.6127493295220586;0.19150793650793652;0.19150793650793652;31;011111111001111111111111111111111111000000000000000000000000000000000000000000000000000010000000000000000000000000000000000000000010000000000000001000100000000001111111111000000100001111000000000000000000000000000010000000000000000000001000000000000000000000000000000000000000000000000000000000000000000000000000000000000000000000000000010000010000000000000000000000000000000000000000010000000000000000000000010000001000000000000000000000000000000000000000000000000000000000000000000000000010000000000000000000000000000000000000010000000001000000000000000000000000000000000000000000000000000000000000011110000000000000000010000000000000000000000000000000000000000000000000000000000000000000000000000000000100000000000010000000001000000000000000000000111111111111111111111111111111101111111111111001000000000000000000000010000000000000000000000000000000000000000000000000000000000000000000000000000000-000000000099999aaaaa0llllopqrqropmnv------------------------------------------------------------F------m---------B------A----------------------------000000000000000001000000000000000000000000000000000000000000000000100000000000010000000000000000000000000000000000000000000000000000000000100000000000------------------------------------vvvvvvvvv---------------------------------------------------------------------------------------------------------
_SEEDS_011111111001111111111111111111111111000000000000000000000000000000000000000000000000000000000000000000000000000000000000000000000000000000000000000000100000000001111111111000000000001111000000000000000000000000000000000000000000000000000000000000000000000000000000000000000000000000000000000000000000000000000000000000000000000000000000000000000000000000000000000000000000000000000000000000000000000000000000000000000000000000000000000000000000000000000000000000000000000000000000000000000000000000000000000000000000000000000000000000000000000000000000000000000000000000000000000000000000000000000000011110000000000000000000000000000000000000000000000000000000000000000000000000000000000000000000000000000000000000000000000000000000000000000000000000111111111111111111111111111111111111111111111000000000000000000000000000000000000000000000000000000000000000000000000000000000000000000000000000000000-000000000099999aaaaa0llllopqrqropmnv-----------------------------------------------------------------------------------------------------------------000000000000000000000000000000000000000000000000000000000000000000000000000000000000000000000000000000000000000000000000000000000000000000000000000000------------------------------------vvvvvvvvv---------------------------------------------------------------------------------------------------------;1.0;0.1570436507936509;0.12579854441498994;0.9160607488916312;0.9671647123853007;0.13638245123539242;0.5504083512868275;0.1570436507936509;0.1570436507936509;31;011110111001011111111111111111111110000000001000000000000000000000000000000000100000000000000000000000000000000000010000000000000000000010001000000000100000000001111111111010000000001111000000000000001000000000000000000000000000101000000000000000000000000000000000000000000000000000000100100000000000000001000010000000000000000000000000000000000000000000000000001000000000000000000000000000000000000000000000000000001000000000000000001000000000000000000000000000000010000110000000000000000000100000000000000000000000000000000010000000001000000000000000100000000000000000000000000000000000000000000000111110000000000000000000000000000000100000000000000000000000000000000000000000000000000000000000000000000000000000000000000000000000000000000000000000111011111111111111111111111110111111111111111000000000000000000000000000000000000000000000000000010000000000000000000000000000000000000000000000000000-000000000099l99aaaaa0llllopqrqropmnv-------Í-------------------------0------v-------f--------------------------------------------------------------q-000000000000000000000000000001000000000000000000010000000000000000000000000000000000000000000010000000100000000000000000000000000000000000000000000000------------------------------------vvvvvvvvv---------------------------------------------------------------------------------------------------------
_SEEDS_011111111001111111111111111111111111000000000000000000000000000000000000000000000000000000000000000000000000000000000000000000000000000000000000000000100000000001111111111000000000001111000000000000000000000000000000000000000000000000000000000000000000000000000000000000000000000000000000000000000000000000000000000000000000000000000000000000000000000000000000000000000000000000000000000000000000000000000000000000000000000000000000000000000000000000000000000000000000000000000000000000000000000000000000000000000000000000000000000000000000000000000000000000000000000000000000000000000000000000000000011110000000000000000000000000000000000000000000000000000000000000000000000000000000000000000000000000000000000000000000000000000000000000000000000000111111111111111111111111111111111111111111111000000000000000000000000000000000000000000000000000000000000000000000000000000000000000000000000000000000-000000000099999aaaaa0llllopqrqropmnv-----------------------------------------------------------------------------------------------------------------000000000000000000000000000000000000000000000000000000000000000000000000000000000000000000000000000000000000000000000000000000000000000000000000000000------------------------------------vvvvvvvvv---------------------------------------------------------------------------------------------------------;1.0;0.2093452380952382;0.4006440239116843;0.9592139886257534;0.9671421421421421;0.08708006325653382;0.6039042426718919;0.2093452380952382;0.2093452380952382;31;011111111001111111111111111111111101000000000000010000000000000000100000000000000000000010000000000000001000000000000000000000000010000000010000001000100000001001111111111000000100001111000000000000000000000000000010000000000000000000001000000001000000000000000000000000000000000000000000000000000000000000000000000000000000000010000000010000010000000000100000000000000000000000000000010000000000000000000000110000001000000010000000000000000000000000000000000000000000000000000000000000000010000000000000000000001000000000000001000000000001000000000000000000010000000000000000000000000000100000000000011110000000000000000010000000000000000000000000000000000000000000000000000000000000000000000000000000000100000000000010000000001000100000000000000000111111111111111111111101111111101111111111111001000000000000000000000010000000000000000000000000000000000000000000000000000000000000000000000000000000-000000000099999aaaaa0llllopqrqropmnv---------------------7--------------------------------------F--D---m---------B------A----------------------------000000000000000001000000000000000000000000000000000000000000000000100000000000010000000000000000000000000000000000000000000000000000000000100000000000------------------------------------vvvvvvvvv---------------------------------------------------------------------------------------------------------
_SEEDS_011111111001111111111111111111111111000000000000000000000000000000000000000000000000000000000000000000000000000000000000000000000000000000000000000000100000000001111111111000000000001111000000000000000000000000000000000000000000000000000000000000000000000000000000000000000000000000000000000000000000000000000000000000000000000000000000000000000000000000000000000000000000000000000000000000000000000000000000000000000000000000000000000000000000000000000000000000000000000000000000000000000000000000000000000000000000000000000000000000000000000000000000000000000000000000000000000000000000000000000000011110000000000000000000000000000000000000000000000000000000000000000000000000000000000000000000000000000000000000000000000000000000000000000000000000111111111111111111111111111111111111111111111000000000000000000000000000000000000000000000000000000000000000000000000000000000000000000000000000000000-000000000099999aaaaa0llllopqrqropmnv-----------------------------------------------------------------------------------------------------------------000000000000000000000000000000000000000000000000000000000000000000000000000000000000000000000000000000000000000000000000000000000000000000000000000000------------------------------------vvvvvvvvv---------------------------------------------------------------------------------------------------------;1.0;0.2207539682539682;0.39508160767710276;0.9468429009759655;0.9644817927170868;0.10846837459066562;0.6059381073691316;0.2207539682539682;0.2207539682539682;31;011110111000011111111110111111111111000000000000000000000000000000000000000001000000000000000000000000000000000100000000000000000000000010001000000000100000000001111111111000000100001111000000000000001000000000000000000000000000101000000000000000000000000000000000000100000000000101000100000001000001000000000000100000000000000000000000000000000000000000000000000000000000000000000000001000000000000000000000000000000000000000000000001000000000000000000000000000000000000010000000000000000000000010000000000000000000000000000000000000001000001000000000000000000000000000000000100000000000000000000000011110000000000000000000000000000000100000000000000000000000000000000000000000000000000000000000000000000100010000000000000000000000000000000000001000111111111011111110111111111111111111111011111000000000000001000000000000000000000000000000000000010000000000100000100000000000000000000000000000000000-000000000099999aaaaa0llllopqrqropmnv----------------------------------d-----v-------f-----------X----------------------------------------------------000000000001000000000000000000000010000000000000000000000000000000000000000000000000000000000000000000000000000000000000000000000000000000100001000000------------------------------------vvvvvvvvv---------------------------------------------------------------------------------------------------------
_SEEDS_011111111001111111111111111111111111000000000000000000000000000000000000000000000000000000000000000000000000000000000000000000000000000000000000000000100000000001111111111000000000001111000000000000000000000000000000000000000000000000000000000000000000000000000000000000000000000000000000000000000000000000000000000000000000000000000000000000000000000000000000000000000000000000000000000000000000000000000000000000000000000000000000000000000000000000000000000000000000000000000000000000000000000000000000000000000000000000000000000000000000000000000000000000000000000000000000000000000000000000000000011110000000000000000000000000000000000000000000000000000000000000000000000000000000000000000000000000000000000000000000000000000000000000000000000000111111111111111111111111111111111111111111111000000000000000000000000000000000000000000000000000000000000000000000000000000000000000000000000000000000-000000000099999aaaaa0llllopqrqropmnv-----------------------------------------------------------------------------------------------------------------000000000000000000000000000000000000000000000000000000000000000000000000000000000000000000000000000000000000000000000000000000000000000000000000000000------------------------------------vvvvvvvvv---------------------------------------------------------------------------------------------------------;1.0;0.18873015873015864;0.133809702381665;0.9096940766041397;0.9622978071120486;0.10325556452491437;0.5496312182254878;0.18873015873015864;0.18873015873015864;31;011110111001011111111111110111111111000000000000000000000000000001000000000001000000000000000000000000000000000000000000000000000000000010001000010000100000000001111111111000000000001111000010000000001000000000000000000000000001101000000000000000000000000000000000000000000000000000001100000000000000000000000000100000000000000000000000000000000000000000000000000000000000000000000000000000001000000000000000000010000000000000000000000000000000000000000001000000000010100001000000000000000000000000000000000000000000000000000000000000000000000000000000000000000000000000001000000000000000000000000001011110000100001000000000000100000000000000000000000000000000000000000000100000000000000000000000100000000000000000000000000000000000000010000000000000111111111111111111111111111111101011111111111000000010000001000000000000000000000000000000010000000001000000110000000000000000000000000000000000000000-000000000099999aaaaa0llllopqrqropmnv------------------------B------------------8----------------------------------------j-------------------------Ò--000000000000000000000000000000000000000000000000000000000000100000000000001100000000000000000000000000000010000000010000000000000001010100000000000000------------------------------------vvvvvvvvv---------------------------------------------------------------------------------------------------------
_SEEDS_011111111001111111111111111111111111000000000000000000000000000000000000000000000000000000000000000000000000000000000000000000000000000000000000000000100000000001111111111000000000001111000000000000000000000000000000000000000000000000000000000000000000000000000000000000000000000000000000000000000000000000000000000000000000000000000000000000000000000000000000000000000000000000000000000000000000000000000000000000000000000000000000000000000000000000000000000000000000000000000000000000000000000000000000000000000000000000000000000000000000000000000000000000000000000000000000000000000000000000000000011110000000000000000000000000000000000000000000000000000000000000000000000000000000000000000000000000000000000000000000000000000000000000000000000000111111111111111111111111111111111111111111111000000000000000000000000000000000000000000000000000000000000000000000000000000000000000000000000000000000-000000000099999aaaaa0llllopqrqropmnv-----------------------------------------------------------------------------------------------------------------000000000000000000000000000000000000000000000000000000000000000000000000000000000000000000000000000000000000000000000000000000000000000000000000000000------------------------------------vvvvvvvvv---------------------------------------------------------------------------------------------------------;1.0;0.23509920634920634;0.37140442997536216;0.9558493324843944;0.9678197815039921;0.08807777199418064;0.603041753717856;0.23509920634920634;0.23509920634920634;31;011110111001011111111111110111111111000000000000000000000000000001000000000001000000000000000000000000000000000000000000000000000000100010001000000000100000000001111111111000000000001111000000000000001000000000000000000000000000101000000000000000000000000000000000000000001000000100000100000000000001000000000000100000000000000000000000000000000000000000000000000000000000000000000000001000000000000000000000000000000000000000000000001000000000000000000000000000000000000010000000000000000000100000000000000000000000000000000000000000011000000000000000000000000000000000000000100000000000000000000000010110000000000000000000000000000000100000000000000000000000000000000000000000000000000000000000000000000100000000000000000000000000000000000000001000111111111011111111111111111111111111111111111000001000000000000000000000000000000000000000000000010000000000100000000000000010000000000000000000000000-000000000099999aaaaa0llllopqrqropmnv----------------------------------------v-------f----------------------------------------------------e-----------000000000001000100000000000000000000000000000000000000000000000000000000000000000000000000000000000000000000000000000000000000000000000000000001000000------------------------------------vvvvvvvvv---------------------------------------------------------------------------------------------------------
_SEEDS_011111111001111111111111111111111111000000000000000000000000000000000000000000000000000000000000000000000000000000000000000000000000000000000000000000100000000001111111111000000000001111000000000000000000000000000000000000000000000000000000000000000000000000000000000000000000000000000000000000000000000000000000000000000000000000000000000000000000000000000000000000000000000000000000000000000000000000000000000000000000000000000000000000000000000000000000000000000000000000000000000000000000000000000000000000000000000000000000000000000000000000000000000000000000000000000000000000000000000000000000011110000000000000000000000000000000000000000000000000000000000000000000000000000000000000000000000000000000000000000000000000000000000000000000000000111111111111111111111111111111111111111111111000000000000000000000000000000000000000000000000000000000000000000000000000000000000000000000000000000000-000000000099999aaaaa0llllopqrqropmnv-----------------------------------------------------------------------------------------------------------------000000000000000000000000000000000000000000000000000000000000000000000000000000000000000000000000000000000000000000000000000000000000000000000000000000------------------------------------vvvvvvvvv---------------------------------------------------------------------------------------------------------;1.0;0.181031746031746;0.08253005489552889;0.9307057900246755;0.9697809568101884;0.10290283240162526;0.5444918966939607;0.181031746031746;0.181031746031746;2;011110111000011111111111111111111111000000001000000000000000000000000000000001000000000000000100001000000000000100000000000000000000000010001000000000100000000001111111111000000000001011000000000000001000000000000000000000000000101000000000000000000000000000000000000000000000000101000100000001000001000000000010100000000000000000001000000000000000000000000000000000000000000000000000001001000000000000000000000000000000000000000000001000000000000000000000000000000000000010000000000000000000100000000000000000000000000000000000000000001000001000000000000000000000000000000000100000000000000000000000011110000000000001000000000000000000100000000000000000000000010000000000000000000000001000000000000000000100000000000000000000000000000000000000001000111111111011111110111111111111111111111011111000000000000000000000000000000000000000000000100000010000000000100000000000000010000000100000000000000000-000000000099999aaaaa0llllopqrqropmnv---------------v------------------------v-------f------------------------------------------------------5---------000000000001000000010000000000000000000000000000000000000000000000000010000000000000000001000000000000000000010000000000000000000000000000000000000000------------------------------------222222222---------------------------------------------------------------------------------------------------------
_SEEDS_011111111001111111111111111111111111000000000000000000000000000000000000000000000000000000000000000000000000000000000000000000000000000000000000000000100000000001111111111000000000001111000000000000000000000000000000000000000000000000000000000000000000000000000000000000000000000000000000000000000000000000000000000000000000000000000000000000000000000000000000000000000000000000000000000000000000000000000000000000000000000000000000000000000000000000000000000000000000000000000000000000000000000000000000000000000000000000000000000000000000000000000000000000000000000000000000000000000000000000000000011110000000000000000000000000000000000000000000000000000000000000000000000000000000000000000000000000000000000000000000000000000000000000000000000000111111111111111111111111111111111111111111111000000000000000000000000000000000000000000000000000000000000000000000000000000000000000000000000000000000-000000000099999aaaaa0llllopqrqropmnv-----------------------------------------------------------------------------------------------------------------000000000000000000000000000000000000000000000000000000000000000000000000000000000000000000000000000000000000000000000000000000000000000000000000000000------------------------------------vvvvvvvvv---------------------------------------------------------------------------------------------------------;1.0;0.20740079365079367;0.279404773094339;0.9495927391322129;0.9719222689075631;0.10871983421912265;0.5861734015006719;0.20740079365079367;0.20740079365079367;31;011110111001001111111111110111111111000000000000000000000000000001000000000001000000000000000000000000000000000000000000000000000000100010001000000000100000000001111111111000000000001111000000000000001000000000000000000000000000101000000100010000000000000000000000000100000001000101000100000001000001000000000000100000000000000000000000000000000000000000000000000000000000000000000000001000000000000000000000000000000000000000000000001000000000000000000000000000000000000010000000000000000000100000000000000000000000000000000000000000001000001000000000000000010000000000000000100000000000000000000000011110000000000000000000010000000000100000000000000000000000000000000000000000000000110000000100000000000000000000000000000000000000000000000000001000111111111011111110111111111111111111111011111000000000000000000000000000000000000000000000000000010000000000100000000000000010000000000000000000000000-000000000099999aaaaa0llllopqrqropmnv----------------------------------------v-------f----------------------------------------------------------------000000000001000000000000000000000000000000000000000000000000000000000000000000000000000001000000000000000000010000000000000000000000000000000000000000------------------------------------vvvvvvvvv---------------------------------------------------------------------------------------------------------
_SEEDS_011111111001111111111111111111111111000000000000000000000000000000000000000000000000000000000000000000000000000000000000000000000000000000000000000000100000000001111111111000000000001111000000000000000000000000000000000000000000000000000000000000000000000000000000000000000000000000000000000000000000000000000000000000000000000000000000000000000000000000000000000000000000000000000000000000000000000000000000000000000000000000000000000000000000000000000000000000000000000000000000000000000000000000000000000000000000000000000000000000000000000000000000000000000000000000000000000000000000000000000000011110000000000000000000000000000000000000000000000000000000000000000000000000000000000000000000000000000000000000000000000000000000000000000000000000111111111111111111111111111111111111111111111000000000000000000000000000000000000000000000000000000000000000000000000000000000000000000000000000000000-000000000099999aaaaa0llllopqrqropmnv-----------------------------------------------------------------------------------------------------------------000000000000000000000000000000000000000000000000000000000000000000000000000000000000000000000000000000000000000000000000000000000000000000000000000000------------------------------------vvvvvvvvv---------------------------------------------------------------------------------------------------------;1.0;0.21640873015872997;0.3181185212243616;0.9428183791390394;0.9656312349501204;0.08358363514710263;0.5877600834365589;0.21640873015872997;0.21640873015872997;31;011111110000111111111101111111111111000000000000000000000000010000000000000000000000000010000000000000000000000000000001000100000010000000100000001000100000000001111111111000000100001111000000000100000000000000000010000000000000000000000000000000000000000000000000000001000000000010000000000000000000000000000000000000000000000000000000010000010000000000000000000000010000000100000000000000000000100000000000000000001000000000000001000000000000000000000000000000100000000000000000000000000000100000000100000000001000000000010000000000000000000000000000000000000000000000000000000000000000000000000000011110000000000000000000000000000000000000000100000000000000000000000000000000000000000000000000000000001000000000000000000010000000000000000000000000111111111111111111111111111011110111111111111000000000000000000000000000000000110000000000000000010000000000000000000000000000000000000000000000000000-000000000099999aaaaa0llllopqvqropmnv----------------------------------------------------------------------------u------------------------------------000000000000000000000000000000000000000000000000000000000000000000000000000000000000000000000000000000000000000000000000000000000000000000000000000000------------------------------------vvvvvvvvv---------------------------------------------------------------------------------------------------------
_SEEDS_011111111001111111111111111111111111000000000000000000000000000000000000000000000000000000000000000000000000000000000000000000000000000000000000000000100000000001111111111000000000001111000000000000000000000000000000000000000000000000000000000000000000000000000000000000000000000000000000000000000000000000000000000000000000000000000000000000000000000000000000000000000000000000000000000000000000000000000000000000000000000000000000000000000000000000000000000000000000000000000000000000000000000000000000000000000000000000000000000000000000000000000000000000000000000000000000000000000000000000000000011110000000000000000000000000000000000000000000000000000000000000000000000000000000000000000000000000000000000000000000000000000000000000000000000000111111111111111111111111111111111111111111111000000000000000000000000000000000000000000000000000000000000000000000000000000000000000000000000000000000-000000000099999aaaaa0llllopqrqropmnv-----------------------------------------------------------------------------------------------------------------000000000000000000000000000000000000000000000000000000000000000000000000000000000000000000000000000000000000000000000000000000000000000000000000000000------------------------------------vvvvvvvvv---------------------------------------------------------------------------------------------------------;1.0;0.18617063492063501;0.05401756337830865;0.918766311303076;0.9759340657710223;0.10083961629677746;0.5392880319449699;0.18617063492063501;0.18617063492063501;31;011110111001011111111111111111111110000000001000000000000000000000000000000000100000000100000000000010000001000000000000000000000000010000000000100000100000000001111111111000000000001111000000100000100000000000000000000000000000000000001000000000000000000100000000000000000000000000000000000000000000000001000000010000000000000000000000000000000000000000000000000000000000000000000000000000001000000000000000000010000000000000000000000000000000000000000001000000000000000001000000000000000000000000000000000000000000000000000000000000000000000000000000000000000000000000000000000000000000000000000000011110000100001000000000000000000000000000000000000000000000000000000000100000000000000000000000100000000000000000000000000000000000000010000000000000111111111111111111111111111111101111111111111000000010001001000000000000000000000000000000000000000001000000110000000000000000000000000000000000001000-000000000099999aaaaa0llllopqrqropmnv------------------------B------------------8----------------------------------------j-------------------------Ò--000000000000000010000000000000000100000000000000000000000000100000000000000000000000000000000000000000000000000000000000000000000000000000000001000000------------------------------------vvvvvvvvv---------------------------------------------------------------------------------------------------------
_SEEDS_011111111001111111111111111111111111000000000000000000000000000000000000000000000000000000000000000000000000000000000000000000000000000000000000000000100000000001111111111000000000001111000000000000000000000000000000000000000000000000000000000000000000000000000000000000000000000000000000000000000000000000000000000000000000000000000000000000000000000000000000000000000000000000000000000000000000000000000000000000000000000000000000000000000000000000000000000000000000000000000000000000000000000000000000000000000000000000000000000000000000000000000000000000000000000000000000000000000000000000000000011110000000000000000000000000000000000000000000000000000000000000000000000000000000000000000000000000000000000000000000000000000000000000000000000000111111111111111111111111111111111111111111111000000000000000000000000000000000000000000000000000000000000000000000000000000000000000000000000000000000-000000000099999aaaaa0llllopqrqropmnv-----------------------------------------------------------------------------------------------------------------000000000000000000000000000000000000000000000000000000000000000000000000000000000000000000000000000000000000000000000000000000000000000000000000000000------------------------------------vvvvvvvvv---------------------------------------------------------------------------------------------------------;1.0;0.22150793650793643;0.3642467249353015;0.9506765055836264;0.9656820348399295;0.08350858840332527;0.5976036317116865;0.22150793650793643;0.22150793650793643;31;011110111001011111111111111111111111000000000000000000000000000000000000000011000000000000000000000000000000000000000000000000000000000010001000000000100000000001111111111000000000001111000000000000001000000000000000000000000000101000000000000000000000000000000000000000000001000000000100000000000000000000000000000000000000000000000000000000000000000000000000000000000100000000000000001000000000000000000000000000000000000000000000001000000001000000000000000000000000000010000000000000000000100000000000000000000000000000000000000000001000000000000000000000000000000000000000100000000000000000000000011110000000000000000000000000000000100000000000000000000000000000000000000000000000000000000000000000000000000000000000000000000000000000000000001000111111111111111111111111111111111111111111111000000000000000000000000000000000000000000000000010010000000000100000000000000010000000010000000000000000-000000000099999aaaaa0llllopqrqropmnv------Ò---------------------------------v-------f----------------------------------y---x-------------------------000000000001010000000000000000000000000000000000000000000000000000000000000000000000000000000000000000010000000000000000010000000100000000000001000000------------------------------------vvvvvvvvv---------------------------------------------------------------------------------------------------------
_SEEDS_011111111001111111111111111111111111000000000000000000000000000000000000000000000000000000000000000000000000000000000000000000000000000000000000000000100000000001111111111000000000001111000000000000000000000000000000000000000000000000000000000000000000000000000000000000000000000000000000000000000000000000000000000000000000000000000000000000000000000000000000000000000000000000000000000000000000000000000000000000000000000000000000000000000000000000000000000000000000000000000000000000000000000000000000000000000000000000000000000000000000000000000000000000000000000000000000000000000000000000000000011110000000000000000000000000000000000000000000000000000000000000000000000000000000000000000000000000000000000000000000000000000000000000000000000000111111111111111111111111111111111111111111111000000000000000000000000000000000000000000000000000000000000000000000000000000000000000000000000000000000-000000000099999aaaaa0llllopqrqropmnv-----------------------------------------------------------------------------------------------------------------000000000000000000000000000000000000000000000000000000000000000000000000000000000000000000000000000000000000000000000000000000000000000000000000000000------------------------------------vvvvvvvvv---------------------------------------------------------------------------------------------------------;1.0;0.2190079365079366;0.2115860495774171;0.9412287834714306;0.9671192291875403;0.10828329926052883;0.5745375496674756;0.2190079365079366;0.2190079365079366;31;011110111000011111111111111111111111000000000000000000000000000000000000000001000000000000000100000000000000000100000000000000000000100010001000000000100000000001111110111000000001001111000000000000001000000001000000000000000000101000000000000000001000000000000000000000000000000000000100000000000000000000000000100000000001000000000000000000000000000000000000000000000000000000000000001000000000000000000000000000000000000000000000001000000000000000000000000000000000000010000000000000000000100000000000000000000000000000000000000000001000000000000000000000000000000000000000100000000000000000000000011110000000000000000000000000000000100000000000000000000000000000000000000000000000000000000000000000000000000000000000000000000000000000000000001000111111111111111111111111111111111111111111111000000000000001000000010000000000000000000000000000010000000000100000000000000010000000000000000000000000-000000000099999aaaaa0llllopqrqropmnv----ws----------------------------------v-------f----------------------------------------------------------------000000000000000000000000000000000000000000000000000000000000100000000000000000010001000000000000000000000000000000000000000000000000000000000000000000------------------------------------vvvvvvvvv---------------------------------------------------------------------------------------------------------
_SEEDS_011111111001111111111111111111111111000000000000000000000000000000000000000000000000000000000000000000000000000000000000000000000000000000000000000000100000000001111111111000000000001111000000000000000000000000000000000000000000000000000000000000000000000000000000000000000000000000000000000000000000000000000000000000000000000000000000000000000000000000000000000000000000000000000000000000000000000000000000000000000000000000000000000000000000000000000000000000000000000000000000000000000000000000000000000000000000000000000000000000000000000000000000000000000000000000000000000000000000000000000000011110000000000000000000000000000000000000000000000000000000000000000000000000000000000000000000000000000000000000000000000000000000000000000000000000111111111111111111111111111111111111111111111000000000000000000000000000000000000000000000000000000000000000000000000000000000000000000000000000000000-000000000099999aaaaa0llllopqrqropmnv-----------------------------------------------------------------------------------------------------------------000000000000000000000000000000000000000000000000000000000000000000000000000000000000000000000000000000000000000000000000000000000000000000000000000000------------------------------------vvvvvvvvv---------------------------------------------------------------------------------------------------------;1.0;0.1980357142857141;0.20723033115460987;0.9500072530954884;0.975766679590209;0.10997602593577828;0.5735026673436333;0.1980357142857141;0.1980357142857141;31;011110111000011111111111111111111111000000000000000000000000000000000000000001000000000000000000000000000000000000000000000000000000000010001000000000100000000001111111111000000000001111000000000000001000000000000000000000000000101000000010000000100000000000000000000000000000000000000100000000000000000000000000100000000000000000000000000000000000000000000000000000000000000000000000001000010000000000000000000000000000000000000001001000000000000000000000000000000000000010000000000000000000100000000000000000000000000000000000000000001000000000000000000000000000000000000000100000000000000000000000001110000000000000000000000000000000100000000000000000000000000100000000000000000000000000000000000000000000000000000000000000000000000000001000001000111111111011111111111111111111111111111111111000000000000000000000000000000000000000000000000000010000000000100000000000000010000000010000000000000000-000000000099999aaaaa0llllopqrqropmnv------Ò---------------------------------v-------f----------------------------------------------------------------000000000001000000000000000000000000000000000000000000000000000000000000000000000000000000000000000000010000000000000000000100000100000000000001000000------------------------------------vvvvvvvvv---------------------------------------------------------------------------------------------------------
_SEEDS_011111111001111111111111111111111111000000000000000000000000000000000000000000000000000000000000000000000000000000000000000000000000000000000000000000100000000001111111111000000000001111000000000000000000000000000000000000000000000000000000000000000000000000000000000000000000000000000000000000000000000000000000000000000000000000000000000000000000000000000000000000000000000000000000000000000000000000000000000000000000000000000000000000000000000000000000000000000000000000000000000000000000000000000000000000000000000000000000000000000000000000000000000000000000000000000000000000000000000000000000011110000000000000000000000000000000000000000000000000000000000000000000000000000000000000000000000000000000000000000000000000000000000000000000000000111111111111111111111111111111111111111111111000000000000000000000000000000000000000000000000000000000000000000000000000000000000000000000000000000000-000000000099999aaaaa0llllopqrqropmnv-----------------------------------------------------------------------------------------------------------------000000000000000000000000000000000000000000000000000000000000000000000000000000000000000000000000000000000000000000000000000000000000000000000000000000------------------------------------vvvvvvvvv---------------------------------------------------------------------------------------------------------;1.0;0.19884920634920644;0.08745761458618995;0.9469302673864526;0.9754116710762738;0.0934988951996176;0.5503579424329567;0.19884920634920644;0.19884920634920644;28;011110111001011111111111111111111110000000001000000000000000000000000000000000100000000000000000000010000000000000000000000000000000010000000000100000100000000001111111111000000000001111000000100000100000000000000000000000000000000000001000000000000000000100000000000000000000000000000000000000000000000001000000010000000000000000000000000000000000000000000000000000000000000000000000000100001000000000000000000010000000000000000000000000000000000000000001000000000000000001000000000000000000000000000000000000000000000000000000000000000000000001000000000000000000000000000000000000000000100000000000011110000000000000000010000000000000000000001000000000000000000000000000000000000000000000000000000000000100000000001010000000001000100000000000000000111111111111111111111111111111101111111111111001000000000000000000000010000000000000000000000000000001000000000000000000000000000000000000000000010000-000000000099999aaaaa0llllopqrqropmnv--------------------------------------on--------------------F------m---------B------A----------------------------000000000000000001000000000000000000000000000000000000000000000000100000000000010000000000000000000000000000000000000000000000000000000000100000000000------------------------------------sssssssss---------------------------------------------------------------------------------------------------------
_SEEDS_011111111001111111111111111111111111000000000000000000000000000000000000000000000000000000000000000000000000000000000000000000000000000000000000000000100000000001111111111000000000001111000000000000000000000000000000000000000000000000000000000000000000000000000000000000000000000000000000000000000000000000000000000000000000000000000000000000000000000000000000000000000000000000000000000000000000000000000000000000000000000000000000000000000000000000000000000000000000000000000000000000000000000000000000000000000000000000000000000000000000000000000000000000000000000000000000000000000000000000000000011110000000000000000000000000000000000000000000000000000000000000000000000000000000000000000000000000000000000000000000000000000000000000000000000000111111111111111111111111111111111111111111111000000000000000000000000000000000000000000000000000000000000000000000000000000000000000000000000000000000-000000000099999aaaaa0llllopqrqropmnv-----------------------------------------------------------------------------------------------------------------000000000000000000000000000000000000000000000000000000000000000000000000000000000000000000000000000000000000000000000000000000000000000000000000000000------------------------------------vvvvvvvvv---------------------------------------------------------------------------------------------------------;1.0;0.1991071428571427;0.3439716199312245;0.9554466230936819;0.9702398226425687;0.08591892792407668;0.5924473560747824;0.1991071428571427;0.1991071428571427;31;011111111001111111111111111111111111000000000000000000000000000000000000000000000000000010000000000000000000000000000000000100000010000000000000001000100000000001111111111000000100001111000000000100000000000000000010000000000000000000000000000000000000000000000000000000000000000000000000000000000000000000000000000000000000000000000000010000010000000000000000000000000000000100000000000000000000000000000000010000001000000000000001000000000000000000000000000000100000000000000000000000000000100000000000000000001000000000010000000000000000000000000000000000000000000000000000000000000000000000000000011110000000000000000000000000000000000000000000000000000000000000000000000000000000000000000000000000001000000000000000000010000000000000000000000000111111111111111111111111111011110111111111111000000000000000000000000000000000000000000000000000010000000000000000000000000000000000000000000000000000-000000000099999aaaaa0llllopqvqropmnv----------------------------------------------------------------------------u------------------------------------000000000000000000000000000000000000000000000000000000000000000000000000000000000000000000000000000000000000000000000000000000000000000000000000000000------------------------------------vvvvvvvvv---------------------------------------------------------------------------------------------------------
_SEEDS_011111111001111111111111111111111111000000000000000000000000000000000000000000000000000000000000000000000000000000000000000000000000000000000000000000100000000001111111111000000000001111000000000000000000000000000000000000000000000000000000000000000000000000000000000000000000000000000000000000000000000000000000000000000000000000000000000000000000000000000000000000000000000000000000000000000000000000000000000000000000000000000000000000000000000000000000000000000000000000000000000000000000000000000000000000000000000000000000000000000000000000000000000000000000000000000000000000000000000000000000011110000000000000000000000000000000000000000000000000000000000000000000000000000000000000000000000000000000000000000000000000000000000000000000000000111111111111111111111111111111111111111111111000000000000000000000000000000000000000000000000000000000000000000000000000000000000000000000000000000000-000000000099999aaaaa0llllopqrqropmnv-----------------------------------------------------------------------------------------------------------------000000000000000000000000000000000000000000000000000000000000000000000000000000000000000000000000000000000000000000000000000000000000000000000000000000------------------------------------vvvvvvvvv---------------------------------------------------------------------------------------------------------;1.0;0.2212896825396823;0.36110625459081236;0.9607889822595705;0.9680354443512339;0.07363946363946364;0.5974766378967938;0.2212896825396823;0.2212896825396823;31;011111111001111111111111111111111111000000000000000000000000000000000000000000000000000010000000000000000000000000000000000100000010000000100000001000100000000001111111111000000100001111000000000100000000000000000010000000000000000000000000000000000000000000000001000000000000010010000000000000000000000000000000000000000000000000000000010000010000000000000000000000000000000100000000000000000000100000000000010000001000000000000001010000000000000000000000000000100000000000000000000000000000100000000100000000001000000000010000000000000000000000000000000000000000000000000000000000000000000000000000011110000000000000000000000000000000000000000100000000000000000000000000000000000000000000000000000000001000000000000000000010000000000000000000000000111111111111111111111111111011110111111111111000000000000000000000000000000000010000000000000000010000000000000000000000000000000000000000000000000000-000000000099999aaaaa0l?llopqvqropmnv----------------------------------------------------------------------------u------------------------------------000000000000000000000000000000000000000000000000000000000000000000000000000010000000000000000000000000100000000000000000000000000000000000000000000000------------------------------------vvvvvvvvv---------------------------------------------------------------------------------------------------------
_SEEDS_011111111001111111111111111111111111000000000000000000000000000000000000000000000000000000000000000000000000000000000000000000000000000000000000000000100000000001111111111000000000001111000000000000000000000000000000000000000000000000000000000000000000000000000000000000000000000000000000000000000000000000000000000000000000000000000000000000000000000000000000000000000000000000000000000000000000000000000000000000000000000000000000000000000000000000000000000000000000000000000000000000000000000000000000000000000000000000000000000000000000000000000000000000000000000000000000000000000000000000000000011110000000000000000000000000000000000000000000000000000000000000000000000000000000000000000000000000000000000000000000000000000000000000000000000000111111111111111111111111111111111111111111111000000000000000000000000000000000000000000000000000000000000000000000000000000000000000000000000000000000-000000000099999aaaaa0llllopqrqropmnv-----------------------------------------------------------------------------------------------------------------000000000000000000000000000000000000000000000000000000000000000000000000000000000000000000000000000000000000000000000000000000000000000000000000000000------------------------------------vvvvvvvvv---------------------------------------------------------------------------------------------------------;1.0;0.21039682539682536;0.3756878963708655;0.9522067336164699;0.9622973048959891;0.073478585115582;0.5956778908992886;0.21039682539682536;0.21039682539682536;31;011111111001111111111111111111111111000000000000010000000000000000100000000000000000000010000000000000011000000000000000000000000010000000000000001000100000000001111111111000000100001111000000000000000000000000000010000000000000000000001000000000000000000000000000000000000000000000000000000000000000000000000000000000000000000010000000010000000000000000100000000000000000000000001000010000000000000000000000110000011000000010000000000000000000000000000000000000000000000000000000000000000010000000000000000000001000000000000001000000000001000000000000000000010000000000000000000000000000100100000000011110000000000000000010000000000000000000000000000000000000000000000000000000000000000000000000000000000100000000000010000000001000100000000000000000111111111111111111111101111111101111111111111001000000000000000000000010000000000000000000000000000000000000000000000000000000000000000000000000000000-000000000099999aaaaa0llllopqrqropmnv---------------------7--------------------------------------F--D---m---------B------A----------------------------000000000000000001000000000000000000000000000000000000000000000000100000000000010000000000000000000000000000000000000000000000000000000000100000000000------------------------------------vvvvvvvvv---------------------------------------------------------------------------------------------------------
_SEEDS_011111111001111111111111111111111111000000000000000000000000000000000000000000000000000000000000000000000000000000000000000000000000000000000000000000100000000001111111111000000000001111000000000000000000000000000000000000000000000000000000000000000000000000000000000000000000000000000000000000000000000000000000000000000000000000000000000000000000000000000000000000000000000000000000000000000000000000000000000000000000000000000000000000000000000000000000000000000000000000000000000000000000000000000000000000000000000000000000000000000000000000000000000000000000000000000000000000000000000000000000011110000000000000000000000000000000000000000000000000000000000000000000000000000000000000000000000000000000000000000000000000000000000000000000000000111111111111111111111111111111111111111111111000000000000000000000000000000000000000000000000000000000000000000000000000000000000000000000000000000000-000000000099999aaaaa0llllopqrqropmnv-----------------------------------------------------------------------------------------------------------------000000000000000000000000000000000000000000000000000000000000000000000000000000000000000000000000000000000000000000000000000000000000000000000000000000------------------------------------vvvvvvvvv---------------------------------------------------------------------------------------------------------;1.0;0.19990079365079372;0.1594120497656064;0.9243689851873995;0.9596557152661608;0.12001261156755393;0.5605583592395856;0.19990079365079372;0.19990079365079372;31;011110111001011111111111110111111101100000000000000000000000000001000000100101000000000000000000000000000000000000000010000000000000000010001000000000100000000001111111111000000000001111000000000000001000000000000000000000000001101000000010000000000000000000000000000000000000000000000100000000000000000000000000100000000000000000000000000000000000000000000000000000000000000000000000001000000000000000100000000000000001000000000000001000000000000000000000000000000000000010000000000000000000100000000000000000000000000000000000010000000001000000000000000000000000000000000000000000000000100000000000011110000000000000000000000000000000000000000000000000000000001000000000000000000000000000000000000000000100000000000010000000001000101000000000000000111111111111111111111111111111101111111111111001000000000000000000000010000000000000000000000000000000000000000000000000000000000000000000000000000000-900000000099999aa7aa0llllopqrqropmnv----------------------y---------------o---------------------F------m---------B------A----------------------------000000000000000001000000000000000000000000000000000000010000000000100000000000010000000000000000000000000000000000000000000000000000000000100000000000------------------------------------vvvvvvvvv---------------------------------------------------------------------------------------------------------
_SEEDS_011111111001111111111111111111111111000000000000000000000000000000000000000000000000000000000000000000000000000000000000000000000000000000000000000000100000000001111111111000000000001111000000000000000000000000000000000000000000000000000000000000000000000000000000000000000000000000000000000000000000000000000000000000000000000000000000000000000000000000000000000000000000000000000000000000000000000000000000000000000000000000000000000000000000000000000000000000000000000000000000000000000000000000000000000000000000000000000000000000000000000000000000000000000000000000000000000000000000000000000000011110000000000000000000000000000000000000000000000000000000000000000000000000000000000000000000000000000000000000000000000000000000000000000000000000111111111111111111111111111111111111111111111000000000000000000000000000000000000000000000000000000000000000000000000000000000000000000000000000000000-000000000099999aaaaa0llllopqrqropmnv-----------------------------------------------------------------------------------------------------------------000000000000000000000000000000000000000000000000000000000000000000000000000000000000000000000000000000000000000000000000000000000000000000000000000000------------------------------------vvvvvvvvv---------------------------------------------------------------------------------------------------------;1.0;0.1985515873015874;0.3744228094203115;0.9494979094979095;0.9672995973494022;0.07847378771190862;0.5947076152135199;0.1985515873015874;0.1985515873015874;31;011110111001011111111111111111111111000000000000000000000000000000000000000001000000000000000000000000000000000000000000000000000000000010001000000000100000000001111111111000000000001111000000000000001000000000000000000000000000101000000000000000000000000000000000000000000000000000000100000000000000000000000000100000000000000000000000000000000000000000000000000000000000000000000000001000000000000000000000000000000000000000000000001000000000000000000000000000000000000010000000000000000000100000000000000000000000000000000000000000001000000000000000000000000000000000000000100000000000000000000000011110000000000000000000000000000000100000000000000000000000000000000000000000000100000000000000000000000000000000000000000000000000000000000000001000111111111111111111111111111111111111111111111000000000000000000000000000000000000000000000000000010000000000100000000000000010000000000000000000000000-000000000099999aaaaa0llllopqrqropmnv----------------------------------------v-------f----------------------------------------------------------------000000000000000000000000000000000000000000000000000001000000000000000000000000010001000000000000000000000000000000000000000000000000000000000000000000------------------------------------vvvvvvvvv---------------------------------------------------------------------------------------------------------
_SEEDS_011111111001111111111111111111111111000000000000000000000000000000000000000000000000000000000000000000000000000000000000000000000000000000000000000000100000000001111111111000000000001111000000000000000000000000000000000000000000000000000000000000000000000000000000000000000000000000000000000000000000000000000000000000000000000000000000000000000000000000000000000000000000000000000000000000000000000000000000000000000000000000000000000000000000000000000000000000000000000000000000000000000000000000000000000000000000000000000000000000000000000000000000000000000000000000000000000000000000000000000000011110000000000000000000000000000000000000000000000000000000000000000000000000000000000000000000000000000000000000000000000000000000000000000000000000111111111111111111111111111111111111111111111000000000000000000000000000000000000000000000000000000000000000000000000000000000000000000000000000000000-000000000099999aaaaa0llllopqrqropmnv-----------------------------------------------------------------------------------------------------------------000000000000000000000000000000000000000000000000000000000000000000000000000000000000000000000000000000000000000000000000000000000000000000000000000000------------------------------------vvvvvvvvv---------------------------------------------------------------------------------------------------------;1.0;0.19835317460317436;0.3189993837115529;0.944496552507326;0.9666947032436163;0.13574541406542687;0.594048204688516;0.19835317460317436;0.19835317460317436;31;011110111001011111111111110111111111000000000000000000000000000001000000000001000000000000000000000000000000000000000000000000000000000010001000000000100000000001111111111000000000001111000000000000001000000000000000000000000001101000000000000000000001000000000000000000000000000000000100000000000000000000000000100000000000000000000000000000000000000000000000000000000000000000000000001000000000000000000000000000000001000000000000001000000000000000000000000000000000000010000000000000010000100000000000000000000000000000000000010000000001000000000000000000000000000000000000000000000000100000000000011110000000000000000010000000000000000000000000000000000000001000000000000000000000000000000000000000000100000000000010000000001000100000000000000000111111111111111111111111111111101111111111111001000000000000000000000010000000000000000000000000000000000000000000000000000000000000000000000000000000-900000000099999aa7aa0llllopqrqropmnv---------z----------------------------o------------------n--F------m----------------------------x----------------000000000001000000000000000000000000000000000000000000000000000000000000000000000000000001000000000010000000010000000000000000000000000000000000000000------------------------------------vvvvvvvvv---------------------------------------------------------------------------------------------------------
_SEEDS_011111111001111111111111111111111111000000000000000000000000000000000000000000000000000000000000000000000000000000000000000000000000000000000000000000100000000001111111111000000000001111000000000000000000000000000000000000000000000000000000000000000000000000000000000000000000000000000000000000000000000000000000000000000000000000000000000000000000000000000000000000000000000000000000000000000000000000000000000000000000000000000000000000000000000000000000000000000000000000000000000000000000000000000000000000000000000000000000000000000000000000000000000000000000000000000000000000000000000000000000011110000000000000000000000000000000000000000000000000000000000000000000000000000000000000000000000000000000000000000000000000000000000000000000000000111111111111111111111111111111111111111111111000000000000000000000000000000000000000000000000000000000000000000000000000000000000000000000000000000000-000000000099999aaaaa0llllopqrqropmnv-----------------------------------------------------------------------------------------------------------------000000000000000000000000000000000000000000000000000000000000000000000000000000000000000000000000000000000000000000000000000000000000000000000000000000------------------------------------vvvvvvvvv---------------------------------------------------------------------------------------------------------;1.0;0.2045039682539681;0.2378204223508965;0.9475064100982798;0.9748096401780613;0.08967516693832485;0.5757192679699218;0.2045039682539681;0.2045039682539681;30;011110111001011111111111111111111111000000000000000000000000000000000000000001000000000000000100000000000000000000000000000000000000000010001000000000100000000001111111111000000000001111000000000000001000000000000000000000000000101000000000000000000000000000000000000000000000000000000100000000000000000000000000100000000000000000000000000000000000000000000000000000000000000000000000001000000000000000000000000000000000000000000000001000000000000000000000000000000000000010000000000000000000100000000000010000000000000000000000000000001000000000000000000000000000000000000000100000000000000000000000011110000000000000010000000000000000100000000000000000000000000000000000010000000000000000000000000000000000000000000000000000000000000000000000001000111111111111111111111111111111111111111111111000000000000000000000000000000000000000000000000000010000000000100000001000000010000000000000000000000000-000000000099999aaaaa0llllopqrqropmnv----------------------------------------v-------f----------------------------------------------------------------000000000000000000000000000000000000000000000000000000000000000000000000000000010001000000000000000000000000000000000000010000000100000000001001000000------------------------------------uuuuuuuuu---------------------------------------------------------------------------------------------------------
_SEEDS_011111111001111111111111111111111111000000000000000000000000000000000000000000000000000000000000000000000000000000000000000000000000000000000000000000100000000001111111111000000000001111000000000000000000000000000000000000000000000000000000000000000000000000000000000000000000000000000000000000000000000000000000000000000000000000000000000000000000000000000000000000000000000000000000000000000000000000000000000000000000000000000000000000000000000000000000000000000000000000000000000000000000000000000000000000000000000000000000000000000000000000000000000000000000000000000000000000000000000000000000011110000000000000000000000000000000000000000000000000000000000000000000000000000000000000000000000000000000000000000000000000000000000000000000000000111111111111111111111111111111111111111111111000000000000000000000000000000000000000000000000000000000000000000000000000000000000000000000000000000000-000000000099999aaaaa0llllopqrqropmnv-----------------------------------------------------------------------------------------------------------------000000000000000000000000000000000000000000000000000000000000000000000000000000000000000000000000000000000000000000000000000000000000000000000000000000------------------------------------vvvvvvvvv---------------------------------------------------------------------------------------------------------;1.0;0.18811507936507943;0.3554995749312134;0.9538675153892545;0.9741722896986055;0.09515050330839807;0.5944674937820918;0.18811507936507943;0.18811507936507943;23;011111111001111111111111111111111111000000000000010000000000000000100000000000000000000010000000000000001000000000000000000000000010000000000000001000101000000001111111111000000100001111000000000000000000000000000010000100000000000000001000010000000000000000000000000000000000000000000000000000000000000000000000000000000000000000000000010000010000000000100000000000000000000000000000010000000000000000000000110000001000000000000000000000000000000000000000000000000000000000000000000000000010000000000000000000000000000000000000010000000001000000000000000000000000000000000000000000000000100000000000011110001000000000000010000000000000000000000000000000000000000000000000000000000000000000000000000000000100000000000010000000001000100000000000000000111111111111111111111111111111101111111111111001000000000000000000000010000000000000000000000000000000000000000000000000000000000000000000000000000000-0000000000999993aaaa0llllopqrqropmnv--------------------------------------o---------------------F------m---------B------A----------------------------000000000000000001000000000000000000000000000000000000000000000000100000000000010000000000000000000000000000000000000000000000000000000000100000000000------------------------------------nnnnnnnnn---------------------------------------------------------------------------------------------------------
_SEEDS_011111111001111111111111111111111111000000000000000000000000000000000000000000000000000000000000000000000000000000000000000000000000000000000000000000100000000001111111111000000000001111000000000000000000000000000000000000000000000000000000000000000000000000000000000000000000000000000000000000000000000000000000000000000000000000000000000000000000000000000000000000000000000000000000000000000000000000000000000000000000000000000000000000000000000000000000000000000000000000000000000000000000000000000000000000000000000000000000000000000000000000000000000000000000000000000000000000000000000000000000011110000000000000000000000000000000000000000000000000000000000000000000000000000000000000000000000000000000000000000000000000000000000000000000000000111111111111111111111111111111111111111111111000000000000000000000000000000000000000000000000000000000000000000000000000000000000000000000000000000000-000000000099999aaaaa0llllopqrqropmnv-----------------------------------------------------------------------------------------------------------------000000000000000000000000000000000000000000000000000000000000000000000000000000000000000000000000000000000000000000000000000000000000000000000000000000------------------------------------vvvvvvvvv---------------------------------------------------------------------------------------------------------;1.0;0.19259920634920646;0.19866545717322526;0.9279118260771486;0.973662677192089;0.102178018323654;0.5658361975192205;0.19259920634920646;0.19259920634920646;31;011100111000011111111111111111111111000000000000000000000000000000000000000001000000000000000000000000000000000100000001000000000000000010001000000000100000000001111111111000000000001111000000000000001000000000000000000000000000101000000000000000000000000000000000000000000000000100000100000000000001000000000000100000000000000000000000000000000000000000000000000000000000000000000000001000000000000000000000000000000000000000000000001000000000000000000000000000000000000010000000000000000000100000000000000000000000000000000000000000001000000000000000000000000000000000000000000000000000000000000000011110000000000000000000000000000000000000000000000000000000000000000000000000000000000000000000000000001000000000000000000010000000000000000000000000111111111111111111111111111011110111111111111000000000000000000000000000000000000000000000000000010000000000000000000000000000000000000000000000000000-000000000099999aaaaa0llllopqvqropmnv----------------------------------------------------------------------------u------------------l-----------------000000000000000000000000000000000000000000000000000000001000000000000000000000000000000000000000000010000000000000000000000000000000000000000000000000------------------------------------vvvvvvvvv---------------------------------------------------------------------------------------------------------
_SEEDS_011111111001111111111111111111111111000000000000000000000000000000000000000000000000000000000000000000000000000000000000000000000000000000000000000000100000000001111111111000000000001111000000000000000000000000000000000000000000000000000000000000000000000000000000000000000000000000000000000000000000000000000000000000000000000000000000000000000000000000000000000000000000000000000000000000000000000000000000000000000000000000000000000000000000000000000000000000000000000000000000000000000000000000000000000000000000000000000000000000000000000000000000000000000000000000000000000000000000000000000000011110000000000000000000000000000000000000000000000000000000000000000000000000000000000000000000000000000000000000000000000000000000000000000000000000111111111111111111111111111111111111111111111000000000000000000000000000000000000000000000000000000000000000000000000000000000000000000000000000000000-000000000099999aaaaa0llllopqrqropmnv-----------------------------------------------------------------------------------------------------------------000000000000000000000000000000000000000000000000000000000000000000000000000000000000000000000000000000000000000000000000000000000000000000000000000000------------------------------------vvvvvvvvv---------------------------------------------------------------------------------------------------------;1.0;0.18966269841269823;0.29834164890534287;0.9403577264239029;0.9609705899860699;0.10023527995973817;0.581594657281292;0.18966269841269823;0.18966269841269823;31;011110111000011111111111111111111111000000000000000000000000000000000000000001000000000000000100000000000000000100000000000000000000000010001000000000100000000001110111111000000000001111000000000000001000000000000000000000000000101000000000000000000000000000000000000000000000000000000100000010000000000000000000100000000000000000000000000000000000000000000000000000000000000000000000001000000001000000000000000100000000000000000000001000000000000000000000000000000001000010000000000000000000100000000000000000000001000000000000000000001000000000000000000000000000000000000000100000000000000000000000011110000000000000000000000000000000100000000000000000000000000000000000000000000000000000000000000000000000000000000000000000000000000000000000001000111111111011111111111111111111111111111011111000000000000000000000000000000000000000000000000000010000000000100000000000000010000000000000000000000000-000000000099999aaaaa0llllopqrqropmnv----------------4-----------------------v-------f-------------------------------------------H--------------------000000000001000000000000000000000000000000000000000000000000000000000000000000000000000001000000000000000000010000000000000000000000000000001000000000------------------------------------vvvvvvvvv---------------------------------------------------------------------------------------------------------
_SEEDS_011111111001111111111111111111111111000000000000000000000000000000000000000000000000000000000000000000000000000000000000000000000000000000000000000000100000000001111111111000000000001111000000000000000000000000000000000000000000000000000000000000000000000000000000000000000000000000000000000000000000000000000000000000000000000000000000000000000000000000000000000000000000000000000000000000000000000000000000000000000000000000000000000000000000000000000000000000000000000000000000000000000000000000000000000000000000000000000000000000000000000000000000000000000000000000000000000000000000000000000000011110000000000000000000000000000000000000000000000000000000000000000000000000000000000000000000000000000000000000000000000000000000000000000000000000111111111111111111111111111111111111111111111000000000000000000000000000000000000000000000000000000000000000000000000000000000000000000000000000000000-000000000099999aaaaa0llllopqrqropmnv-----------------------------------------------------------------------------------------------------------------000000000000000000000000000000000000000000000000000000000000000000000000000000000000000000000000000000000000000000000000000000000000000000000000000000------------------------------------vvvvvvvvv---------------------------------------------------------------------------------------------------------;1.0;0.16753968253968277;0.2769628017363578;0.9483987019376013;0.9728519548004843;0.10832017760616834;0.5790122197700491;0.16753968253968277;0.16753968253968277;31;011110111000011111111111111111111111000000000000000000000000000100000000000001000000000000000000000000000000000100000000000000000000000010001000000000100000000001111111111000000000001111000000000000001000000000000000000000000000101000000000000000000000000000001000000000000000000100000100000000000001000000000000100000000000000000000000000000000000000000000000000000000000000000000000001000000000000000000000000000000000000000000001001000000000000000000000000000000000000010000000000000000000100000000000000000000000000000000000000000001000000000000000000000000000000000000000100000000000000000000000011110000000000000000000000000000000100000000000000000000000000000000000000000000000000000000000000000000100000000000000000000000000000000000000001000111111111010111111111111111111111111111111111000000000000000000000000000000000000000000000000000010000000000100000000000000010000000000000000000000000-000000000099999aaaaa0llllopqrqropmnv----------------------------------------v-------f----------------------------------------------------------------000000000001000000000000000000000000000000000000000000000000000000000000000000000000000000000000000000000000000000000000000000000000000000000001000000------------------------------------vvvvvvvvv---------------------------------------------------------------------------------------------------------
_SEEDS_011111111001111111111111111111111111000000000000000000000000000000000000000000000000000000000000000000000000000000000000000000000000000000000000000000100000000001111111111000000000001111000000000000000000000000000000000000000000000000000000000000000000000000000000000000000000000000000000000000000000000000000000000000000000000000000000000000000000000000000000000000000000000000000000000000000000000000000000000000000000000000000000000000000000000000000000000000000000000000000000000000000000000000000000000000000000000000000000000000000000000000000000000000000000000000000000000000000000000000000000011110000000000000000000000000000000000000000000000000000000000000000000000000000000000000000000000000000000000000000000000000000000000000000000000000111111111111111111111111111111111111111111111000000000000000000000000000000000000000000000000000000000000000000000000000000000000000000000000000000000-000000000099999aaaaa0llllopqrqropmnv-----------------------------------------------------------------------------------------------------------------000000000000000000000000000000000000000000000000000000000000000000000000000000000000000000000000000000000000000000000000000000000000000000000000000000------------------------------------vvvvvvvvv---------------------------------------------------------------------------------------------------------;1.0;0.19496031746031728;0.0893252856856841;0.9374844189035365;0.9809699630339466;0.12497339643882474;0.5546188969203848;0.19496031746031728;0.19496031746031728;11;011110111001011111111111110111111111000000000000000000000000000001000000000001000000000000000000000000000000000000000000000000000000000010001000000000100000000001111111111000000000001111000000000000001000000000000000000000000001100000001000000000000000000100000000000000000000000000000000000000000000000001000000010000000000000000000000000000000000000000000000000000000000000100000000000000001000000000000000000010000000000000000000000000000000000000000001000000000000000001010000000000000000000000000000000000000000000000000000000000000000000000000000000000000100000000000000000000000000000001000000011110000100001000000000000000000000000000000000000000000000000000000000100000000000000000000000100000000000000000000000000000000000000010000000010000111111111111111111111111111110101111111111111000000010000001000000000000000000000000000000000000000001000000110000000000000000000000000000000010000000-000000000099999aaaaa0ll8lopqrqropmnv--------Ù---------------B------------------8---------------------------------------oj-------------------------Ò--000000000000000000000000000000000000000000000000000000000000100000000000001000000000000000000000000000000000000000000000000000000001010100000000000000------------------------------------bbbbbbbbb---------------------------------------------------------------------------------------------------------
_SEEDS_011111111001111111111111111111111111000000000000000000000000000000000000000000000000000000000000000000000000000000000000000000000000000000000000000000100000000001111111111000000000001111000000000000000000000000000000000000000000000000000000000000000000000000000000000000000000000000000000000000000000000000000000000000000000000000000000000000000000000000000000000000000000000000000000000000000000000000000000000000000000000000000000000000000000000000000000000000000000000000000000000000000000000000000000000000000000000000000000000000000000000000000000000000000000000000000000000000000000000000000000011110000000000000000000000000000000000000000000000000000000000000000000000000000000000000000000000000000000000000000000000000000000000000000000000000111111111111111111111111111111111111111111111000000000000000000000000000000000000000000000000000000000000000000000000000000000000000000000000000000000-000000000099999aaaaa0llllopqrqropmnv-----------------------------------------------------------------------------------------------------------------000000000000000000000000000000000000000000000000000000000000000000000000000000000000000000000000000000000000000000000000000000000000000000000000000000------------------------------------vvvvvvvvv---------------------------------------------------------------------------------------------------------;1.0;0.17912698412698436;0.06178473060719436;0.9105293220269159;0.9674222349957644;0.11030024949142597;0.5381939202080475;0.17912698412698436;0.17912698412698436;36;011010111001011111111111111111111110001000001000000000000000000000000000000000100000000000000000000010000000000000000000000000000000010000000000100000100000000001111111111000100000001111000000100000100000000000000000000000000000000000001000000000000000000100000000000000000000000010000000000000000000000001000000010000000000000000000000000000000000000000000000000000000000000000000000000000001000000000000000000010000000000000000000000000000000000000000001000000000000000001000000000000000000000000000000000000000000000000000000000000000000000000000000000000000000000000000000000000000000000000000000011110000100001000000000000000000000000000000000000000000000000000000000100000000000000000000000100000000000000000000000000000000000000010000000000000111111111111111111111111111110101111111111111000000010000001000000000000000000000000000000000000000001000000110000000000000000000000000000000000000000-000000000099999aaaaa0llllopqrqropmnv------------------------B------------------8----------------------------------------j-------------------------Ò--000000000000000000000000000000000000000000000000000000000000100000000000001000000000000000000000000000000000000000010000000000000001010100000000000000------------------------------------AAAAAAAAA---------------------------------------------------------------------------------------------------------
_SEEDS_011111111001111111111111111111111111000000000000000000000000000000000000000000000000000000000000000000000000000000000000000000000000000000000000000000100000000001111111111000000000001111000000000000000000000000000000000000000000000000000000000000000000000000000000000000000000000000000000000000000000000000000000000000000000000000000000000000000000000000000000000000000000000000000000000000000000000000000000000000000000000000000000000000000000000000000000000000000000000000000000000000000000000000000000000000000000000000000000000000000000000000000000000000000000000000000000000000000000000000000000011110000000000000000000000000000000000000000000000000000000000000000000000000000000000000000000000000000000000000000000000000000000000000000000000000111111111111111111111111111111111111111111111000000000000000000000000000000000000000000000000000000000000000000000000000000000000000000000000000000000-000000000099999aaaaa0llllopqrqropmnv-----------------------------------------------------------------------------------------------------------------000000000000000000000000000000000000000000000000000000000000000000000000000000000000000000000000000000000000000000000000000000000000000000000000000000------------------------------------vvvvvvvvv---------------------------------------------------------------------------------------------------------;1.0;0.22432539682539698;0.32183702697383676;0.9446067883729174;0.9572922420716539;0.10604798208854184;0.5923515727220579;0.22432539682539698;0.22432539682539698;31;011110111001011111111111110111101011000000000000000000000000000001000000000001000000000000000000000000000001000000000000000000000000100010001000000000100000000001111111111000000000001111000000000000001000000000000000000000000000101000000100000000000000000000000000000100000001000101000100000001000001000000000000100000000000000000000000000000000000000000000000000000000000000000000000001000000000000000000000000000000000000000000000001000000000000000000000000000000000001010000000000000000000100000010000000000000000000000000000000000001000001000100000000000010000000000000000100000000000000000000000011110000000000000000000010000000000100000000000000000000000000000000000000000000000100000000000000000000000000000000000000000000000000000000000001000111111111011111110111111111111111111111111111000000000000000000000000000000000000000000000000000010000000000100000000000000010000000000001000000000000-000000000099999aaaaa0llllopqrqropmnv----------------------------------------v-------f----------------------------------------------------------------000000000001000000000000000000000000000000000000000000000000000001000000000000000000000000000000000000000000000000000000000000000000000000000001000000------------------------------------vvvvvvvvv---------------------------------------------------------------------------------------------------------
_SEEDS_011111111001111111111111111111111111000000000000000000000000000000000000000000000000000000000000000000000000000000000000000000000000000000000000000000100000000001111111111000000000001111000000000000000000000000000000000000000000000000000000000000000000000000000000000000000000000000000000000000000000000000000000000000000000000000000000000000000000000000000000000000000000000000000000000000000000000000000000000000000000000000000000000000000000000000000000000000000000000000000000000000000000000000000000000000000000000000000000000000000000000000000000000000000000000000000000000000000000000000000000011110000000000000000000000000000000000000000000000000000000000000000000000000000000000000000000000000000000000000000000000000000000000000000000000000111111111111111111111111111111111111111111111000000000000000000000000000000000000000000000000000000000000000000000000000000000000000000000000000000000-000000000099999aaaaa0llllopqrqropmnv-----------------------------------------------------------------------------------------------------------------000000000000000000000000000000000000000000000000000000000000000000000000000000000000000000000000000000000000000000000000000000000000000000000000000000------------------------------------vvvvvvvvv---------------------------------------------------------------------------------------------------------;1.0;0.21759920634920626;0.3785098363901085;0.949526802173861;0.966760108865372;0.0974910856489804;0.601647839904588;0.21759920634920626;0.21759920634920626;31;011110111001011111111111111111111111000000000000000000000000000010000000000001000000000000000000000000000000000000000000000000000000000010001000000000100000000001111111111000000000001110000000000000001000000000000000000000000000101000000000000000000000000000000000000000000000000000000100000000000000000000000000100000000000000000000000000000000000000000000000000000000000000000000000001000000000000100000000000000000000000000000000001000000000000000000000000000000000000010000000000000000000100000000000000000000000000000000000000000001000000000000000000000000000000000000000100000000000000000001000011110000000000000000000000000000000100000000000000000000000000000000000000000000000000000000000000000000000000000000000000000000000000000000000001000111111111111111111111111111111111111111111111000000000000000000000000000000000000000000000000000010000000000100000000000000010000000000000000000000000-000000000099999aaaaa0llllopqrqropmnv----------------------------------------v-------f-----Í------------------------------4---------------------------000000000000000000000000000000000000000000000000000000000000000000000000000000000000000000000000000000000000000000000000000000000000000000000001000000------------------------------------vvvvvvvvv---------------------------------------------------------------------------------------------------------
_SEEDS_011111111001111111111111111111111111000000000000000000000000000000000000000000000000000000000000000000000000000000000000000000000000000000000000000000100000000001111111111000000000001111000000000000000000000000000000000000000000000000000000000000000000000000000000000000000000000000000000000000000000000000000000000000000000000000000000000000000000000000000000000000000000000000000000000000000000000000000000000000000000000000000000000000000000000000000000000000000000000000000000000000000000000000000000000000000000000000000000000000000000000000000000000000000000000000000000000000000000000000000000011110000000000000000000000000000000000000000000000000000000000000000000000000000000000000000000000000000000000000000000000000000000000000000000000000111111111111111111111111111111111111111111111000000000000000000000000000000000000000000000000000000000000000000000000000000000000000000000000000000000-000000000099999aaaaa0llllopqrqropmnv-----------------------------------------------------------------------------------------------------------------000000000000000000000000000000000000000000000000000000000000000000000000000000000000000000000000000000000000000000000000000000000000000000000000000000------------------------------------vvvvvvvvv---------------------------------------------------------------------------------------------------------;1.0;0.16650793650793694;0.04800587592731198;0.9203669002566062;0.9779709143021836;0.10130653654647462;0.5356930272567523;0.16650793650793694;0.16650793650793694;31;011110111001011111111111111111111110000000001000000000000000000000000000000000100000000000000000000010000000000000000000000000000000010000000000100000100000000001111111111000000000001111000000100000100000000000000000000000000000000000001000000000000000000100000100000000000000000000000000000000000000000001000000010000000000000000000000000000000000000000000000000000000000000000000000000000001000000000000000000010000000000000000000000000000000000000000001000000000000000001000000000000000000000000000000000000000000000000000000000000000000000000000000000000000000000000000000000010000000000000000000111110001100001000000000000000000000000000000000000000000000000000000000100000000000000000000000100000000000000000000000000000000000000010001000000000111111111101111111111111111111101111111111111000001010000001000000000000000000000000000000000000000001000000110000000000000000000000000000000000000000-00000000009999èaaaaa0llllopqvqropmnv-----w----------o-----------------------------------------------------------u------------------------------------100000000000000000000000000000000000000000000000000000000000000000000000000000000000000000000000000000000000000000000000000000000000000000000000000000------------------------------------vvvvvvvvv---------------------------------------------------------------------------------------------------------
_SEEDS_011111111001111111111111111111111111000000000000000000000000000000000000000000000000000000000000000000000000000000000000000000000000000000000000000000100000000001111111111000000000001111000000000000000000000000000000000000000000000000000000000000000000000000000000000000000000000000000000000000000000000000000000000000000000000000000000000000000000000000000000000000000000000000000000000000000000000000000000000000000000000000000000000000000000000000000000000000000000000000000000000000000000000000000000000000000000000000000000000000000000000000000000000000000000000000000000000000000000000000000000011110000000000000000000000000000000000000000000000000000000000000000000000000000000000000000000000000000000000000000000000000000000000000000000000000111111111111111111111111111111111111111111111000000000000000000000000000000000000000000000000000000000000000000000000000000000000000000000000000000000-000000000099999aaaaa0llllopqrqropmnv-----------------------------------------------------------------------------------------------------------------000000000000000000000000000000000000000000000000000000000000000000000000000000000000000000000000000000000000000000000000000000000000000000000000000000------------------------------------vvvvvvvvv---------------------------------------------------------------------------------------------------------;1.0;0.1981547619047619;0.09769186727524226;0.9362235253566523;0.964543977051717;0.09588934407045861;0.548750579276472;0.1981547619047619;0.1981547619047619;31;011110111001011111111111111111111110000000001000000000000000000000000000000000100000000000000000000010000000000000000000000000000000010000000000100000100000000001111111111000000000001111000000100000100000000000000010000000000000000000001000000000000000000100000000000000000000000000000000000000000000000001000000010000000000000000000000000000000000000000000000000000000000000000000000010000000000000000000000110000001000000000000000000000000000000000000000100000000000000000000000000000000010000000000000000000000000100000000000010000000001000000000000000000000000000000000000000000000000100000000000011110000000000000000010000000000000000000000000000000000000000000000000000000000000000000000000000000010100000000000010000000001000100000000000000000111111111111111111111111111111101111111111111001000000000000000000000010000000000000000000000000000000000000000000000000000000000000000000000000000010-000000000099999aaaaa0llllopqrqropmnv--------------------------------------o---------------------F------m---------B------A----------------------------000000000000000001000000000000000000000000000000000000000100000000100000000000010000000000000000000000000000000000000000000000000000000000100000000000------------------------------------vvvvvvvvv---------------------------------------------------------------------------------------------------------
_SEEDS_011111111001111111111111111111111111000000000000000000000000000000000000000000000000000000000000000000000000000000000000000000000000000000000000000000100000000001111111111000000000001111000000000000000000000000000000000000000000000000000000000000000000000000000000000000000000000000000000000000000000000000000000000000000000000000000000000000000000000000000000000000000000000000000000000000000000000000000000000000000000000000000000000000000000000000000000000000000000000000000000000000000000000000000000000000000000000000000000000000000000000000000000000000000000000000000000000000000000000000000000011110000000000000000000000000000000000000000000000000000000000000000000000000000000000000000000000000000000000000000000000000000000000000000000000000111111111111111111111111111111111111111111111000000000000000000000000000000000000000000000000000000000000000000000000000000000000000000000000000000000-000000000099999aaaaa0llllopqrqropmnv-----------------------------------------------------------------------------------------------------------------000000000000000000000000000000000000000000000000000000000000000000000000000000000000000000000000000000000000000000000000000000000000000000000000000000------------------------------------vvvvvvvvv---------------------------------------------------------------------------------------------------------;1.0;0.2174206349206348;0.26820706794592986;0.9257250655293824;0.956779426526869;0.0930650406669815;0.576866205931633;0.2174206349206348;0.2174206349206348;31;011110111001011111111111110011111111000000000000000010000000000001000000000001000000100000000000000000000000000000000000000000000000000010001000000000100000000001111111111000000000001111000000000000001000000000000000000000000001101000000000000000000000000000000000000000000000000000000100000100000000000000000000100000000000000000000000000000000000000000000000000000000000000000000000001000000100000000000000000000000001000000000000001000000000000000000000000000000000000010000000000000000000100000000000000000000001000000000100000000001000000000000000000000000000000000000000100000000000000000000010011110000000000000000000000000000000100000000000000000000000000000000000000000000000000000000000000000000100000000000010000000001000100000000000000000111111111111111111111101111111101111111111111001000000000000000000000010000000000000000000000000000000000000000000000000000000000000000000000000000100-000000000099999aaaaa0llllopqrqropmnv---------------------7-------------------------------w------F--D---m---------B------A-------------------------H--000000000000000011000000000000000000000000000000000000000000000000100000000000010000000000000000000000000000000000000000000000000000000000100001000000------------------------------------vvvvvvvvv---------------------------------------------------------------------------------------------------------
_SEEDS_011111111001111111111111111111111111000000000000000000000000000000000000000000000000000000000000000000000000000000000000000000000000000000000000000000100000000001111111111000000000001111000000000000000000000000000000000000000000000000000000000000000000000000000000000000000000000000000000000000000000000000000000000000000000000000000000000000000000000000000000000000000000000000000000000000000000000000000000000000000000000000000000000000000000000000000000000000000000000000000000000000000000000000000000000000000000000000000000000000000000000000000000000000000000000000000000000000000000000000000000011110000000000000000000000000000000000000000000000000000000000000000000000000000000000000000000000000000000000000000000000000000000000000000000000000111111111111111111111111111111111111111111111000000000000000000000000000000000000000000000000000000000000000000000000000000000000000000000000000000000-000000000099999aaaaa0llllopqrqropmnv-----------------------------------------------------------------------------------------------------------------000000000000000000000000000000000000000000000000000000000000000000000000000000000000000000000000000000000000000000000000000000000000000000000000000000------------------------------------vvvvvvvvv---------------------------------------------------------------------------------------------------------;1.0;0.2052182539682541;0.3463190515264347;0.9523457856352593;0.9689304081409345;0.09467849981007875;0.5945819998468269;0.2052182539682541;0.2052182539682541;31;011110111001111111111111111111111111000000000000000000000000000000000000000001000000000000000000000000000000000000000000000000000000000010001000000000100000000001111111111000000000001111000000000000001000000000000000000000000000101000000000000000000000000000000000000000000000000100000100000000000001000000000000100000000000000000000000000000000000000000000000000000000000000000000000001000100000000000000000001000000000000000000000001000000000000000000000000000000000000010000000000000000000100000000000000000000000000000000000000000001100000000000000000000000000000000000000100000000000000000000000011110000000000000100000000000000000100000000000000000000000000000000000000000000000000000000000000000000100000000000000000000000000000000000000001000111111111011111111111111111111111111111111111000000000000000000000000000000000000000000000000000010000000000100000000000000110000000000000000000000000-000050000099999aaaaa0llllopqrqropmnv----------------------------------------v-------f-------------------------------------G--------------------------000000000001000000000000000000000000000000000000000000000000000000000000000000000000000000000000000000000000000000000000000000000000000000000001000000------------------------------------vvvvvvvvv---------------------------------------------------------------------------------------------------------
_SEEDS_011111111001111111111111111111111111000000000000000000000000000000000000000000000000000000000000000000000000000000000000000000000000000000000000000000100000000001111111111000000000001111000000000000000000000000000000000000000000000000000000000000000000000000000000000000000000000000000000000000000000000000000000000000000000000000000000000000000000000000000000000000000000000000000000000000000000000000000000000000000000000000000000000000000000000000000000000000000000000000000000000000000000000000000000000000000000000000000000000000000000000000000000000000000000000000000000000000000000000000000000011110000000000000000000000000000000000000000000000000000000000000000000000000000000000000000000000000000000000000000000000000000000000000000000000000111111111111111111111111111111111111111111111000000000000000000000000000000000000000000000000000000000000000000000000000000000000000000000000000000000-000000000099999aaaaa0llllopqrqropmnv-----------------------------------------------------------------------------------------------------------------000000000000000000000000000000000000000000000000000000000000000000000000000000000000000000000000000000000000000000000000000000000000000000000000000000------------------------------------vvvvvvvvv---------------------------------------------------------------------------------------------------------;1.0;0.21305555555555578;0.255142688085387;0.9459610197158151;0.9676238443524972;0.1287313487211495;0.5850857427384007;0.21305555555555578;0.21305555555555578;31;011110111001011111111111110111111111000000000000000000000000000001000000000001000000000000000000000000000000000000000000000000000000000010001000000000100000000001111111111000000000001111000000000000001000000000010000000000000001101000000000000000000000000000000000000000000000000000000100000000000000000000000000100000000000000000000000000000000000000000000000000000000000001000000010001000000000000000000000000000000001000000000000001000000000000000000000000000000000000010000000000100000000100000000000000000000000000000000000010000000001000000000000000000000000000000000000000000000000100000100000011110000000000000000010000000000000000000000000000000000000001000000000000000000000000000000000000000000100000000000010000000001000100000000000000000111111111111111111111111111111101111111111111001000000000000000000000010000000000000000000000000000000000000000000000000000000000000000000000000000000-900000000099999aa7aa0llllopqrqropmnv--------------------------------------o-----------9---------F------m---------B------A----------------------------100000000000000001000000000000000000000000000000000000000000000000100000000000010000000000000000000000000000000000000000000000000000000000000000000000------------------------------------vvvvvvvvv---------------------------------------------------------------------------------------------------------
_SEEDS_011111111001111111111111111111111111000000000000000000000000000000000000000000000000000000000000000000000000000000000000000000000000000000000000000000100000000001111111111000000000001111000000000000000000000000000000000000000000000000000000000000000000000000000000000000000000000000000000000000000000000000000000000000000000000000000000000000000000000000000000000000000000000000000000000000000000000000000000000000000000000000000000000000000000000000000000000000000000000000000000000000000000000000000000000000000000000000000000000000000000000000000000000000000000000000000000000000000000000000000000011110000000000000000000000000000000000000000000000000000000000000000000000000000000000000000000000000000000000000000000000000000000000000000000000000111111111111111111111111111111111111111111111000000000000000000000000000000000000000000000000000000000000000000000000000000000000000000000000000000000-000000000099999aaaaa0llllopqrqropmnv-----------------------------------------------------------------------------------------------------------------000000000000000000000000000000000000000000000000000000000000000000000000000000000000000000000000000000000000000000000000000000000000000000000000000000------------------------------------vvvvvvvvv---------------------------------------------------------------------------------------------------------;1.0;0.17325396825396833;0.2320601334202249;0.9471877860789151;0.977606506923395;0.10531130809593808;0.5725699504620736;0.17325396825396833;0.17325396825396833;31;011110111000011111111111111111111111000000000000000000000000000000000000000001000000000000000110000100000000000100000000000000000000000010001000000000100000000001111111111000000000001111000000000000001000000000000000000000000000101000000000000000000000000000000000000100000000000101000100000001000001000000000000100000000000000000000000000000000000100000000000000000000000000000000000001000000000000000000000000000000000000000000000001000000000000000000000000000000000000010000000000000000000100000000000000000000000000000000000000000001000001000000000000000000000000000000000100000000000000000000000011110000000000000000000000000000000100000000000000000000000000000000000000000000000000000000000000000000100000000000000000000000000000000000000001000111111111001111110111111111111111011111011111000000000000000000000000000000000000000000000000000010000000000100000000000000010000000000000000000000000-000000000099999aaaaa0llllopqrqropmnv----------------------------------------v-------f----------------------------------------------------------------000000000001000000000000000000000000000000000000000000000010000000000000000000000000000001000000000000000001000000000000000000000000000000000000000000------------------------------------vvvvvvvvv---------------------------------------------------------------------------------------------------------
_SEEDS_011111111001111111111111111111111111000000000000000000000000000000000000000000000000000000000000000000000000000000000000000000000000000000000000000000100000000001111111111000000000001111000000000000000000000000000000000000000000000000000000000000000000000000000000000000000000000000000000000000000000000000000000000000000000000000000000000000000000000000000000000000000000000000000000000000000000000000000000000000000000000000000000000000000000000000000000000000000000000000000000000000000000000000000000000000000000000000000000000000000000000000000000000000000000000000000000000000000000000000000000011110000000000000000000000000000000000000000000000000000000000000000000000000000000000000000000000000000000000000000000000000000000000000000000000000111111111111111111111111111111111111111111111000000000000000000000000000000000000000000000000000000000000000000000000000000000000000000000000000000000-000000000099999aaaaa0llllopqrqropmnv-----------------------------------------------------------------------------------------------------------------000000000000000000000000000000000000000000000000000000000000000000000000000000000000000000000000000000000000000000000000000000000000000000000000000000------------------------------------vvvvvvvvv---------------------------------------------------------------------------------------------------------;1.0;0.21220238095238086;0.3326549092441744;0.9442263673146026;0.9679595863675148;0.12865643377791713;0.5976166129427649;0.21220238095238086;0.21220238095238086;31;011110111001011111111111110111111111000000000000000000000000000001000000000001000000000000000000000000000000000100000000000000000000100010001000000000100000000001111111111000000000001111000000000000001000000000000000000000000000101000000100000000000000000000000000000100000001000101100100000001000001000000000000101001000000000000000000000000000000000000000000000000000000000000000000001000000000000000000000000000000000000000000000001000000000000000000000000000000000000010000000000000000000100000000000000000000000000000000000000000001000001000000000000000011000000000000000101001000000000000000000011110000000000001000000010000000000100000000000000000000000000000000000000000000000100000000000000000000000000000000000000000000000000000000000001001111111111011111110111111111111111111111011111000000000000000000000000000100000000000000010000001010000000000100000000000000010000000000000000000000000-000000000099999aaaaa0llllopqrqropmnv----------------------------------------v-------f----------------------------------------------------------------000000000001000000000000000000000000000000000000000000000000000000000000000000000000000001000000000000000000010000000000000000000000000000000000000000------------------------------------vvvvvvvvv---------------------------------------------------------------------------------------------------------
_SEEDS_011111111001111111111111111111111111000000000000000000000000000000000000000000000000000000000000000000000000000000000000000000000000000000000000000000100000000001111111111000000000001111000000000000000000000000000000000000000000000000000000000000000000000000000000000000000000000000000000000000000000000000000000000000000000000000000000000000000000000000000000000000000000000000000000000000000000000000000000000000000000000000000000000000000000000000000000000000000000000000000000000000000000000000000000000000000000000000000000000000000000000000000000000000000000000000000000000000000000000000000000011110000000000000000000000000000000000000000000000000000000000000000000000000000000000000000000000000000000000000000000000000000000000000000000000000111111111111111111111111111111111111111111111000000000000000000000000000000000000000000000000000000000000000000000000000000000000000000000000000000000-000000000099999aaaaa0llllopqrqropmnv-----------------------------------------------------------------------------------------------------------------000000000000000000000000000000000000000000000000000000000000000000000000000000000000000000000000000000000000000000000000000000000000000000000000000000------------------------------------vvvvvvvvv---------------------------------------------------------------------------------------------------------;1.0;0.19712301587301606;0.25241913480718026;0.9408472870830973;0.9705828726355042;0.0858807873807874;0.5744755162965975;0.19712301587301606;0.19712301587301606;31;011111111001111111111111111111111111000000000000010000000000000000100000000000010000000010000000000000001000000000000000000000000010000000000000001000100000000001111111111000000100001111000000000000000000000000000010000000000000000000001100000000000000000000000000000000000000000000000000000000000000000000000000000000000000000000000000010000010000000000100000000000000000000000000000010000000000000000100000110000001100000000000000000000000000000000000000000000000000000000010000000000000010000000000000000000000000000000000000010000000001000000000000000000000000000000000000000000000000100000000000011110000000000000000010000000000000000000000000000000000000000000000000000000000000000000000000000000000100000000000010000000001000100000000000000000111111111111111111111111111111101111111111111001000000000000000000000010001000000000000000000000000000000000000000000000000000000000000000000000000000-000000000099999aaaaa0llllopqrqropmnv--------------------------------------o------------------a--F------m---------B------A----------------------------000000000000000000000000000000000000000000010000000000000000010000000000000000000000000000000000000000000000000000000000000000000000000000000000000000------------------------------------vvvvvvvvv---------------------------------------------------------------------------------------------------------
_SEEDS_011111111001111111111111111111111111000000000000000000000000000000000000000000000000000000000000000000000000000000000000000000000000000000000000000000100000000001111111111000000000001111000000000000000000000000000000000000000000000000000000000000000000000000000000000000000000000000000000000000000000000000000000000000000000000000000000000000000000000000000000000000000000000000000000000000000000000000000000000000000000000000000000000000000000000000000000000000000000000000000000000000000000000000000000000000000000000000000000000000000000000000000000000000000000000000000000000000000000000000000000011110000000000000000000000000000000000000000000000000000000000000000000000000000000000000000000000000000000000000000000000000000000000000000000000000111111111111111111111111111111111111111111111000000000000000000000000000000000000000000000000000000000000000000000000000000000000000000000000000000000-000000000099999aaaaa0llllopqrqropmnv-----------------------------------------------------------------------------------------------------------------000000000000000000000000000000000000000000000000000000000000000000000000000000000000000000000000000000000000000000000000000000000000000000000000000000------------------------------------vvvvvvvvv---------------------------------------------------------------------------------------------------------;1.0;0.1871825396825394;0.18824072629379862;0.9308140357867587;0.9672890394629525;0.12637271408850695;0.566649842552426;0.1871825396825394;0.1871825396825394;31;011110111001011111111111110111111111000000000000000000000000000001000000000001000000000000010000000000000000000000000000000000000000000010001000000000100000000001111111111000000000001111000000000000001000000000000000000000000001101000000000000000000000000000000000000000000000000000000100000000000001000000000000100000000000000000000000000000000000000000000000000000000000000000000000010000000000000000000000110000001000000000000000000000000000000000000000000000000000000000000000000000000010000000000000000000000000000000000000010000000001000000000000000000000000000000000000000000000000100000000000011110000001000000000010000000000000000000000000000000000000000000000000000000000000000000000000000000000100000000000010000000001000100000000000000000111111111111111111111111111111101111111111111001000000000000000000000010000000000000000000000000000000000000000000000000000000000000000000000000000000-000000000099999aaaaa0llllopqrqropmnv--------------------------------------o---------------------F------m---------B------A----------------------------000000000000000001000000000000000000000000000000000000000000000000100000000000010000000000000000000000000000000000000000000000000000000000100000000000------------------------------------vvvvvvvvv---------------------------------------------------------------------------------------------------------
_SEEDS_011111111001111111111111111111111111000000000000000000000000000000000000000000000000000000000000000000000000000000000000000000000000000000000000000000100000000001111111111000000000001111000000000000000000000000000000000000000000000000000000000000000000000000000000000000000000000000000000000000000000000000000000000000000000000000000000000000000000000000000000000000000000000000000000000000000000000000000000000000000000000000000000000000000000000000000000000000000000000000000000000000000000000000000000000000000000000000000000000000000000000000000000000000000000000000000000000000000000000000000000011110000000000000000000000000000000000000000000000000000000000000000000000000000000000000000000000000000000000000000000000000000000000000000000000000111111111111111111111111111111111111111111111000000000000000000000000000000000000000000000000000000000000000000000000000000000000000000000000000000000-000000000099999aaaaa0llllopqrqropmnv-----------------------------------------------------------------------------------------------------------------000000000000000000000000000000000000000000000000000000000000000000000000000000000000000000000000000000000000000000000000000000000000000000000000000000------------------------------------vvvvvvvvv---------------------------------------------------------------------------------------------------------;1.0;0.209563492063492;0.3291730776186532;0.9496061291649527;0.965798464621994;0.13653621830092416;0.5984462302950027;0.209563492063492;0.209563492063492;31;011110111001011111111111110111111111000000000000000000000000000001000000000001000000000000000000000000000000000100000000010000000000000010001000000000100000000001111111111000000100001111000000000000001000000000000000000000000000101000000000000000000000000000000000000100000000000101000100000001000001000000000000100000000000000000000000000000000000000000000000000000000000000000000000001000000000000000000000000000000000000000000000001000000000000000000000000000000000000010000000000000000000100000000000000000000000000000000000000000001000001000000000000000000000000000000000100000000000000000000000011110000000000000000000000000000000100000000000000000000000000000000000000000000000000000000000000000000100000000000000000000000000000000000000001000111111111011111110111111111111111111111011111000000000000000000000010000000000000000000000000000010000000000100000000000000010000000000000000000000000-000000000099999aaaaa0llxlopqrqropmnv------------------------------------j---v-------f----------------------------------------------------------------000000000000000000000000000000000000000000000000000000000000000000000000000000000000000001000000000000000000010000000000000000000000000000000000010000------------------------------------vvvvvvvvv---------------------------------------------------------------------------------------------------------
_SEEDS_011111111001111111111111111111111111000000000000000000000000000000000000000000000000000000000000000000000000000000000000000000000000000000000000000000100000000001111111111000000000001111000000000000000000000000000000000000000000000000000000000000000000000000000000000000000000000000000000000000000000000000000000000000000000000000000000000000000000000000000000000000000000000000000000000000000000000000000000000000000000000000000000000000000000000000000000000000000000000000000000000000000000000000000000000000000000000000000000000000000000000000000000000000000000000000000000000000000000000000000000011110000000000000000000000000000000000000000000000000000000000000000000000000000000000000000000000000000000000000000000000000000000000000000000000000111111111111111111111111111111111111111111111000000000000000000000000000000000000000000000000000000000000000000000000000000000000000000000000000000000-000000000099999aaaaa0llllopqrqropmnv-----------------------------------------------------------------------------------------------------------------000000000000000000000000000000000000000000000000000000000000000000000000000000000000000000000000000000000000000000000000000000000000000000000000000000------------------------------------vvvvvvvvv---------------------------------------------------------------------------------------------------------;1.0;0.19918650793650816;0.2794757875590458;0.9349511933857909;0.961755128929042;0.11186307724670898;0.581205282509516;0.19918650793650816;0.19918650793650816;31;011110111001011111111111111111111111000000000000000000000000000000000000000001000000000000000000000000000000000000000000000000000000000010001000000000100000000001111111111000000000001111000000000000001000000000000000000000000000101000000000000000000000000000000000000000000000000000000100000000000000000000000000100000000000000000000000000000000000100000000000000000000000000000000000001000000000000000000000100000000000000000000000001000000000000000000000000000000000000010000000000000000000100000000000000000000001000000000000000000001000000000000000000000000000000000000000100000000000000000000000011110000000000000000000000000000000100000000000000000000000000000000000000000000000000000000000000000000100000000000010000000001100100000000000000000111111111111111111111101111111101111111111111001000000000000000000000010000000000000000010000000000000000000000000000000000000000000000000000000000000-000000000099999aaaaa0llllopqrqropmnv--------------------s7-------------------------------w------F--D---m---------B------A-------------------------H--000000000000000011000000000000000000000000000000000000000000000000100000000000000000000000000000000000000000000000000000000000000000000000100001000000------------------------------------vvvvvvvvv---------------------------------------------------------------------------------------------------------
_SEEDS_011111111001111111111111111111111111000000000000000000000000000000000000000000000000000000000000000000000000000000000000000000000000000000000000000000100000000001111111111000000000001111000000000000000000000000000000000000000000000000000000000000000000000000000000000000000000000000000000000000000000000000000000000000000000000000000000000000000000000000000000000000000000000000000000000000000000000000000000000000000000000000000000000000000000000000000000000000000000000000000000000000000000000000000000000000000000000000000000000000000000000000000000000000000000000000000000000000000000000000000000011110000000000000000000000000000000000000000000000000000000000000000000000000000000000000000000000000000000000000000000000000000000000000000000000000111111111111111111111111111111111111111111111000000000000000000000000000000000000000000000000000000000000000000000000000000000000000000000000000000000-000000000099999aaaaa0llllopqrqropmnv-----------------------------------------------------------------------------------------------------------------000000000000000000000000000000000000000000000000000000000000000000000000000000000000000000000000000000000000000000000000000000000000000000000000000000------------------------------------vvvvvvvvv---------------------------------------------------------------------------------------------------------;1.0;0.17557539682539702;0.18320988507536973;0.9478414396061455;0.9684834834834835;0.09313688688688691;0.5613745153128805;0.17557539682539702;0.17557539682539702;31;011110111001011111111111111111111110000000001000000000000000000000000000000001000000000000000000000000000000000000010000000000000000000010001000000000100000000001111111111000000000001111000000000000001000000000000000000000000000101000000000000000000000000000000000000000000000000000000100100000000000000001000010000000000000000000000000000000000000000000000000001000000000000000000000000000000000000000000000000000001000000000000000001000000000000000000000000000000000000110000000000000000000100000000000000000000000000000000000000000001000000000000000000000000000000000000000000000000000000000000000111110000000000000000000000000000000100000000000000000000000000000000000000000000000000000000000000000000000000000000000000000000000000000000000000000111011111111111111111111111111111111111111111000000000000000000000000000000000000000000000000000010000000000000000000000000000000000000000000000000000-000000000099999aaaaa0llllopqrqropmnv---------------------------------0------v-------f----------------------------------------------------------------000000000000000000000000000000000000000000000000000000000000000000000000000000000000000000000000000000100000000000000000000000000000000000000000000000------------------------------------vvvvvvvvv---------------------------------------------------------------------------------------------------------
_SEEDS_011111111001111111111111111111111111000000000000000000000000000000000000000000000000000000000000000000000000000000000000000000000000000000000000000000100000000001111111111000000000001111000000000000000000000000000000000000000000000000000000000000000000000000000000000000000000000000000000000000000000000000000000000000000000000000000000000000000000000000000000000000000000000000000000000000000000000000000000000000000000000000000000000000000000000000000000000000000000000000000000000000000000000000000000000000000000000000000000000000000000000000000000000000000000000000000000000000000000000000000000011110000000000000000000000000000000000000000000000000000000000000000000000000000000000000000000000000000000000000000000000000000000000000000000000000111111111111111111111111111111111111111111111000000000000000000000000000000000000000000000000000000000000000000000000000000000000000000000000000000000-000000000099999aaaaa0llllopqrqropmnv-----------------------------------------------------------------------------------------------------------------000000000000000000000000000000000000000000000000000000000000000000000000000000000000000000000000000000000000000000000000000000000000000000000000000000------------------------------------vvvvvvvvv---------------------------------------------------------------------------------------------------------;1.0;0.2190079365079366;0.33304962715054875;0.9538610578672764;0.9648183651867862;0.08986238556517194;0.5934332287129533;0.2190079365079366;0.2190079365079366;31;011110111001011111111111111111111111000000000000000000000000000000000000000001000000000000000000000000000000000000000000000000000000000010001000000000100000000001111111111000000000001111000000000000001000000000000000000000000000101000000000000000000000000000000000000000000000000000000100000000000000000000000000100000000000000000000000000000000000000000000000000000000000000000000000001000000000000000000000000000000000000000000000001000000000000000000000000000000000100000001000000000000000001000000000000000000000000000000000000000000000000000000000000000000000000000000000000000000000000000000000011110000000000000000000000000000000010000000000000000000000000000000000000000000000000000000000000000000000001000000000000000000000000000000000000000111111111111111110111111111111111111111111111000000000000000000000000000000000000000000000000001000000000000000000000000000000000000100000000000000000-000000000099996aaaaa0llllopqrqropmnv---------------------------------------------------------------------------------------g-----------------------r-000000000000000000000000000000000000000000000000000000000000000000000000000000000000000000000000000000000000000000000000000000000000000000000001000000------------------------------------vvvvvvvvv---------------------------------------------------------------------------------------------------------
_SEEDS_011111111001111111111111111111111111000000000000000000000000000000000000000000000000000000000000000000000000000000000000000000000000000000000000000000100000000001111111111000000000001111000000000000000000000000000000000000000000000000000000000000000000000000000000000000000000000000000000000000000000000000000000000000000000000000000000000000000000000000000000000000000000000000000000000000000000000000000000000000000000000000000000000000000000000000000000000000000000000000000000000000000000000000000000000000000000000000000000000000000000000000000000000000000000000000000000000000000000000000000000011110000000000000000000000000000000000000000000000000000000000000000000000000000000000000000000000000000000000000000000000000000000000000000000000000111111111111111111111111111111111111111111111000000000000000000000000000000000000000000000000000000000000000000000000000000000000000000000000000000000-000000000099999aaaaa0llllopqrqropmnv-----------------------------------------------------------------------------------------------------------------000000000000000000000000000000000000000000000000000000000000000000000000000000000000000000000000000000000000000000000000000000000000000000000000000000------------------------------------vvvvvvvvv---------------------------------------------------------------------------------------------------------;1.0;0.15067460317460335;0.08064247375445899;0.9115527719184839;0.9661728201201886;0.08592214329056434;0.5324941353763831;0.15067460317460335;0.15067460317460335;31;011110111001011111111111111111111110000000001000010000000000000000000000000000100000000000000000000010000000000000000000100000000000010000000000100000100000000001111111111000000000001111000000100000100000000000000000000000000000000000001000000000000000000100000000000000000000000000000000000000000000000001000000010000000000000000000000000000000000000000000000000000000000000000000000000000001000000000000000000010000000000000000000000000000000000000000001000000000000000001000000000000000000000000000000000000000000000000000000000000000000000000000000000000000000000000000000000000000000000000000000011110000100001000000000000000000000000000000000000000000000000000000000000000000000000000000000000000000100000000000010000000001000100000000000000000111111111111111111111111111111101111111111111001000000000000000000000010000000100000000000000000000000000000000000000000000000000000000100000000000000-000000000099999aaaaa0llllmpqrqropmnv--------------------------------------o---------------------F------m---------B------A----------------------------000000000000000001000000000000000000000000000000000000000000000000100000000000010000000000000000000000000000000000000000000000000000000000100000000000------------------------------------vvvvvvvvv---------------------------------------------------------------------------------------------------------
_SEEDS_011111111001111111111111111111111111000000000000000000000000000000000000000000000000000000000000000000000000000000000000000000000000000000000000000000100000000001111111111000000000001111000000000000000000000000000000000000000000000000000000000000000000000000000000000000000000000000000000000000000000000000000000000000000000000000000000000000000000000000000000000000000000000000000000000000000000000000000000000000000000000000000000000000000000000000000000000000000000000000000000000000000000000000000000000000000000000000000000000000000000000000000000000000000000000000000000000000000000000000000000011110000000000000000000000000000000000000000000000000000000000000000000000000000000000000000000000000000000000000000000000000000000000000000000000000111111111111111111111111111111111111111111111000000000000000000000000000000000000000000000000000000000000000000000000000000000000000000000000000000000-000000000099999aaaaa0llllopqrqropmnv-----------------------------------------------------------------------------------------------------------------000000000000000000000000000000000000000000000000000000000000000000000000000000000000000000000000000000000000000000000000000000000000000000000000000000------------------------------------vvvvvvvvv---------------------------------------------------------------------------------------------------------;1.0;0.1983730158730158;0.40104336689142184;0.9596681660652249;0.971097615834458;0.08316202604128296;0.6022240317842339;0.1983730158730158;0.1983730158730158;31;011111111001111111111111111111111111000000000000010000000001000000100000000000000000000010000000000000001000000000000000000000000010000000000000001000100000000001111111111000000100001111000000000000000000000000000010000000000000000000001000000000000000000000000000000000000000000000000000000000000000000000000000000000000000000000000000010000010100000000100000000000000000000000001000010000000000000000000000110000001000000000000000000000000000000000000000000000000010000000000000000000000010000000000000000000000000000000000000010000000001000000000000000000000000000000000000000000000000100000000000011110000000000000000010000000000000000000000000000000000000000000000000000000000000000000000000000000000100000000000010000000001000100000000000000000111111111111111111111111111111101111111111111001000000000000000000000010000000000000000000000000000000000000000000000000000000000000000000000000000000-000000000099999aaaaa0llllopqrqropmnv--------------------------------------o---------------------F------m---------B------A----------------------------000000000000000001000000000000000000000000000000000000000000000000100000000000010000000000000000000000000000000000000000000000000000000000100000000000------------------------------------vvvvvvvvv---------------------------------------------------------------------------------------------------------
_SEEDS_011111111001111111111111111111111111000000000000000000000000000000000000000000000000000000000000000000000000000000000000000000000000000000000000000000100000000001111111111000000000001111000000000000000000000000000000000000000000000000000000000000000000000000000000000000000000000000000000000000000000000000000000000000000000000000000000000000000000000000000000000000000000000000000000000000000000000000000000000000000000000000000000000000000000000000000000000000000000000000000000000000000000000000000000000000000000000000000000000000000000000000000000000000000000000000000000000000000000000000000000011110000000000000000000000000000000000000000000000000000000000000000000000000000000000000000000000000000000000000000000000000000000000000000000000000111111111111111111111111111111111111111111111000000000000000000000000000000000000000000000000000000000000000000000000000000000000000000000000000000000-000000000099999aaaaa0llllopqrqropmnv-----------------------------------------------------------------------------------------------------------------000000000000000000000000000000000000000000000000000000000000000000000000000000000000000000000000000000000000000000000000000000000000000000000000000000------------------------------------vvvvvvvvv---------------------------------------------------------------------------------------------------------;1.0;0.17180555555555554;0.19805189008884483;0.9168041687701131;0.9674098027416105;0.08532338743403489;0.5565658007650265;0.17180555555555554;0.17180555555555554;31;011110111001011111111111110111111111000000000000000000000000000001000000000011000000000000000000000000000000000000000000000000000000100010001000000000100000000001111111111000000000001111000000000000001000000000000000000000000000101000000100000000000000000000000000000100000001000101000100000001000001000000000000100000000000000000000000000000000000000000000000000000000000000000000000001000000000000010000000000000000000000000000100001000000000000000100001000000000000000001000000000000000000000000000000000000000000000000000000000000001000000000000000000000000000000000000000100000000000000000000000011110000000000000000000000000100000100000000000000000000000000000000000000000000000000000000000000000000100000000000000000000000000000000000000001000111111111011111111111111111111111111111111111000000000000000000000000000000000000000000000000000010000000000100000000000000010000000010000000000000000-000000000099999aaaaa0llllopqrqropmnv------Ò---------------------------------v-------f----------------------------------------------------------------000000000001000001000000000000000000000000000000000000000000000000000000000000000000000000000000000100010000000000000000000000000100000000000001000000------------------------------------vvvvvvvvv---------------------------------------------------------------------------------------------------------
_SEEDS_011111111001111111111111111111111111000000000000000000000000000000000000000000000000000000000000000000000000000000000000000000000000000000000000000000100000000001111111111000000000001111000000000000000000000000000000000000000000000000000000000000000000000000000000000000000000000000000000000000000000000000000000000000000000000000000000000000000000000000000000000000000000000000000000000000000000000000000000000000000000000000000000000000000000000000000000000000000000000000000000000000000000000000000000000000000000000000000000000000000000000000000000000000000000000000000000000000000000000000000000011110000000000000000000000000000000000000000000000000000000000000000000000000000000000000000000000000000000000000000000000000000000000000000000000000111111111111111111111111111111111111111111111000000000000000000000000000000000000000000000000000000000000000000000000000000000000000000000000000000000-000000000099999aaaaa0llllopqrqropmnv-----------------------------------------------------------------------------------------------------------------000000000000000000000000000000000000000000000000000000000000000000000000000000000000000000000000000000000000000000000000000000000000000000000000000000------------------------------------vvvvvvvvv---------------------------------------------------------------------------------------------------------;1.0;0.2489285714285714;0.2642489953345529;0.9512168230438691;0.9749740237975532;0.11040356902586006;0.5916286637717344;0.2489285714285714;0.2489285714285714;31;011110111001011111111111110111111111000000000000000000000000000001000000000001000000000000000000000000000000000000000000000000000000000010001000000000100000000001111111111000000000001111000000000000001000000000000000000000000001101000000000000000000000000000000000000000000000000000000100000000000000000000000000100000000000000000000000000000000000000000000000000000000000000000000000001000000000000000000000000000000001000000000000001000000000000000000000000000000000000000000000000000000010000000000000000000000000000000000000010000000001000000000000000000000000000000000000000000000000100000000000011110000000000000000010000000000000000000000000000000000000000000000000000000000000000000000000000000000100000000000010000000001000100000000000000000111111111111111111111111111111101111111111111001000000000000000000000010000000000001000000000000000000000000000000100000000000001000000000000000000000-000000000099999aaaaa0llllopqrqropmnvA-------------------------------------o---------------------F------m--------oB------A----------------------------000000000000000001000000000000000000000000000000000000000000000000100000000000010000000000000000000000001000000000000000000000000000000000100000000000------------------------------------vvvvvvvvv---------------------------------------------------------------------------------------------------------
_SEEDS_011111111001111111111111111111111111000000000000000000000000000000000000000000000000000000000000000000000000000000000000000000000000000000000000000000100000000001111111111000000000001111000000000000000000000000000000000000000000000000000000000000000000000000000000000000000000000000000000000000000000000000000000000000000000000000000000000000000000000000000000000000000000000000000000000000000000000000000000000000000000000000000000000000000000000000000000000000000000000000000000000000000000000000000000000000000000000000000000000000000000000000000000000000000000000000000000000000000000000000000000011110000000000000000000000000000000000000000000000000000000000000000000000000000000000000000000000000000000000000000000000000000000000000000000000000111111111111111111111111111111111111111111111000000000000000000000000000000000000000000000000000000000000000000000000000000000000000000000000000000000-000000000099999aaaaa0llllopqrqropmnv-----------------------------------------------------------------------------------------------------------------000000000000000000000000000000000000000000000000000000000000000000000000000000000000000000000000000000000000000000000000000000000000000000000000000000------------------------------------vvvvvvvvv---------------------------------------------------------------------------------------------------------;1.0;0.18781746031746027;0.042581755188932036;0.944016234310352;0.9683793883948683;0.08459538075637148;0.5378983698279974;0.18781746031746027;0.18781746031746027;31;011110111001011111111111111111111110000000001000000000000000000000000000000001000000000000000000000000000000000000000000000000000000000010001000000000100000000001111111111000000000001111000000000000001000000000000000000000000000101000000000000000000000000000000000000000000000000000000100000000000000000001000000000000000000000000000000000000000000000000000000000000000000000000000000000000000000000000000000000000000000000000000000001000000000000000000000000000000000000010000000000000000000100000000000000000000000000000000000000000001000000000000000000000000000000000000000000000000000000000000000011110000000000000000000000000000000100000000000000000000000000000000000000000000000000000000000000000000000000000000000000000000000000000000000000000111111111111111111111111111111111111111111111000000000000000000000000000000000000000000000000000010000000000000000000000000000000000000000000000000000-000000000099999aaaaa0llllopqrqropmnv----------------------------------------v-------f----------------------------------------------------------------000000000000000000000000000000000000000000000000000000000000000000000000000000000000000000000000000000000000000000000000000000000000000000000000000000------------------------------------vvvvvvvvv---------------------------------------------------------------------------------------------------------
_SEEDS_011111111001111111111111111111111111000000000000000000000000000000000000000000000000000000000000000000000000000000000000000000000000000000000000000000100000000001111111111000000000001111000000000000000000000000000000000000000000000000000000000000000000000000000000000000000000000000000000000000000000000000000000000000000000000000000000000000000000000000000000000000000000000000000000000000000000000000000000000000000000000000000000000000000000000000000000000000000000000000000000000000000000000000000000000000000000000000000000000000000000000000000000000000000000000000000000000000000000000000000000011110000000000000000000000000000000000000000000000000000000000000000000000000000000000000000000000000000000000000000000000000000000000000000000000000111111111111111111111111111111111111111111111000000000000000000000000000000000000000000000000000000000000000000000000000000000000000000000000000000000-000000000099999aaaaa0llllopqrqropmnv-----------------------------------------------------------------------------------------------------------------000000000000000000000000000000000000000000000000000000000000000000000000000000000000000000000000000000000000000000000000000000000000000000000000000000------------------------------------vvvvvvvvv---------------------------------------------------------------------------------------------------------;1.0;0.1990277777777778;0.31647139966038296;0.9424528575999164;0.9602315892140454;0.09301622120920366;0.5851999742435544;0.1990277777777778;0.1990277777777778;31;011110111001011111111111111111111111000000000000000000000000000000000000000001000000000000000000000000000000000000000000000000000000000010001000000000100000000001111111111000000000001111000000000000001000000000000000001000000000101000000000000000000000000000000000000000000000000000000100000000000000000000000000100000000000000000000000000000000000010000000000000000000000000000000000001000000000000000000000000000000000000000000000001000000000000000000000000000000000000010000000000000000000100000000000000000000000000000000000000000001000000000000000000000000000000000000000100000000000000000000000011110000000000000000000000000000000100000000000000000000000000000100000000000000010000000000000000000000100000000000000000000000000000000000000001000111111111011111111111111111111111111111111111000000000000000000000000000000000000000000000000001010000000000100000000000000010000000000000000000000000-000000000099999aaaaa0llllopqrqropmnv------------f---------------------------v-------f----------------------------------------------------------------000000000001000000000000000000000000000000000000000000000000000000000000000000000000000000000000000000000000000000000000000000000000000000010001000000------------------------------------vvvvvvvvv---------------------------------------------------------------------------------------------------------
_SEEDS_011111111001111111111111111111111111000000000000000000000000000000000000000000000000000000000000000000000000000000000000000000000000000000000000000000100000000001111111111000000000001111000000000000000000000000000000000000000000000000000000000000000000000000000000000000000000000000000000000000000000000000000000000000000000000000000000000000000000000000000000000000000000000000000000000000000000000000000000000000000000000000000000000000000000000000000000000000000000000000000000000000000000000000000000000000000000000000000000000000000000000000000000000000000000000000000000000000000000000000000000011110000000000000000000000000000000000000000000000000000000000000000000000000000000000000000000000000000000000000000000000000000000000000000000000000111111111111111111111111111111111111111111111000000000000000000000000000000000000000000000000000000000000000000000000000000000000000000000000000000000-000000000099999aaaaa0llllopqrqropmnv-----------------------------------------------------------------------------------------------------------------000000000000000000000000000000000000000000000000000000000000000000000000000000000000000000000000000000000000000000000000000000000000000000000000000000------------------------------------vvvvvvvvv---------------------------------------------------------------------------------------------------------;1.0;0.19428571428571428;0.3154167168200568;0.9456577253838206;0.966593968968969;0.0841818068068068;0.5843559887108946;0.19428571428571428;0.19428571428571428;31;011110111001011111111111111111111111000000000000000000000000000000000000000001000000000000000000000000000000000000000000000000000000000010001000000000100000000001111111111000000000001111000000000000001000000000000000000000000000101000000000000000000000000000000000000000000000000000000100000000000000000000000000100000000000000000000000000000000000000000000000000000000000000000000000001000000000000000000000000000000000000000000000001000000000000000001000000000000000000010000000000000000000100000000000000000000000000000000000000000001000000000000000000000000000000000000000100000000000000000000000011110000000000000000000000000000000100000000000000000000000000000000000000001000000000000000000000000000000000000000010000000001000100000000000000000111111111111111111111111111111101111111011111001000000000000001000000010000000000000000000000000000000000000000000000000000000000000000000000000000000-000008000099C99aaaaa0llllopqrqropmnv--------------------------------------o---------------------F------m---------B------A----------------------------000000000000000001000000000000000000000000000000000000000000000000100000000000010000000000000000000000000000000000000000000000000000000000100000000000------------------------------------vvvvvvvvv---------------------------------------------------------------------------------------------------------
_SEEDS_011111111001111111111111111111111111000000000000000000000000000000000000000000000000000000000000000000000000000000000000000000000000000000000000000000100000000001111111111000000000001111000000000000000000000000000000000000000000000000000000000000000000000000000000000000000000000000000000000000000000000000000000000000000000000000000000000000000000000000000000000000000000000000000000000000000000000000000000000000000000000000000000000000000000000000000000000000000000000000000000000000000000000000000000000000000000000000000000000000000000000000000000000000000000000000000000000000000000000000000000011110000000000000000000000000000000000000000000000000000000000000000000000000000000000000000000000000000000000000000000000000000000000000000000000000111111111111111111111111111111111111111111111000000000000000000000000000000000000000000000000000000000000000000000000000000000000000000000000000000000-000000000099999aaaaa0llllopqrqropmnv-----------------------------------------------------------------------------------------------------------------000000000000000000000000000000000000000000000000000000000000000000000000000000000000000000000000000000000000000000000000000000000000000000000000000000------------------------------------vvvvvvvvv---------------------------------------------------------------------------------------------------------;1.0;0.17940476190476196;0.2799998882787599;0.9364183073548399;0.9710437218365607;0.09883635016115834;0.5776171715893468;0.17940476190476196;0.17940476190476196;31;011110111000011111111110111111111111000000000000000000000000000000000000000001000000000000000000000000000000000100000000000000000000000010001000000000100100000001111111111000000100001111000000000000001000000000000000000000000000101000000000000000000000000000000000000100000000000101000100000001000001000000000000100000000000000000000000000000000000000000000000000000000000000000000000001000010000000000000000000000000000000000000000001000000000000000000000000000000000000010000000000000000000100000000000000000000000000000000000000000001000001000000000000000000000000000000000100000000000000000000000011110000000000000000000000000000000100000000000000000000000000000000000000000000000000000000000000000000100000000000000000000000000000000000000001000111111111011111110111111111111111111111011111000000000000000000000000000000000000000000000000000010000000000100000000000000010000000000000000000000000-000000000099999aaaaa0llllopqrqropmnv----------------------------------------v-------f-------------------0--------------1-------------------5---------000000000001000000000000000000000000000000000010000000000000000000000000000000000000000001000000000000000000010000000000000000000000000000000001000000------------------------------------vvvvvvvvv---------------------------------------------------------------------------------------------------------
_SEEDS_011111111001111111111111111111111111000000000000000000000000000000000000000000000000000000000000000000000000000000000000000000000000000000000000000000100000000001111111111000000000001111000000000000000000000000000000000000000000000000000000000000000000000000000000000000000000000000000000000000000000000000000000000000000000000000000000000000000000000000000000000000000000000000000000000000000000000000000000000000000000000000000000000000000000000000000000000000000000000000000000000000000000000000000000000000000000000000000000000000000000000000000000000000000000000000000000000000000000000000000000011110000000000000000000000000000000000000000000000000000000000000000000000000000000000000000000000000000000000000000000000000000000000000000000000000111111111111111111111111111111111111111111111000000000000000000000000000000000000000000000000000000000000000000000000000000000000000000000000000000000-000000000099999aaaaa0llllopqrqropmnv-----------------------------------------------------------------------------------------------------------------000000000000000000000000000000000000000000000000000000000000000000000000000000000000000000000000000000000000000000000000000000000000000000000000000000------------------------------------vvvvvvvvv---------------------------------------------------------------------------------------------------------;1.0;0.19087301587301597;0.30531066164783194;0.9513520455780518;0.9683594134909924;0.0889414543361912;0.5841394318210139;0.19087301587301597;0.19087301587301597;31;011111111001111111111111111111111111000000000000010000000000000000100000000000000000000010000000000000001000000000000000000000000110000000000000001000100000000001111111111000000100001111000000000100000000000000000010000000000000000000001000000000000000000000000000000000000010000000000000000000000000000000000010000000000000000000000000010000010000000000101000000000000000000000000000010000000000000000000000110000001000000000000000000000000000000000000000000000000000000000000000000000000010000000000000000000100000000000000000010000000001000000000000000000000000000000000000000000000000100000000000011110000000000000100010000000000000000000000000000000000000000000000000000000000000000000000001000000000111000000000010000010001000100000000000000000111111111111111111111111111111101111111111111001000000000000000000000010000010000100000000000100000000000000000000000000000000000000000000000000000000-000000000099999aaaaa0llllopqvqropmnv--------------------------------------------------n-------------------------u------------------------------------000000000000000000000000000000000000000000000000000000000000000000000000000000000000000000000000000000000000000000000000000000000000000000000000000000------------------------------------vvvvvvvvv---------------------------------------------------------------------------------------------------------
_SEEDS_011111111001111111111111111111111111000000000000000000000000000000000000000000000000000000000000000000000000000000000000000000000000000000000000000000100000000001111111111000000000001111000000000000000000000000000000000000000000000000000000000000000000000000000000000000000000000000000000000000000000000000000000000000000000000000000000000000000000000000000000000000000000000000000000000000000000000000000000000000000000000000000000000000000000000000000000000000000000000000000000000000000000000000000000000000000000000000000000000000000000000000000000000000000000000000000000000000000000000000000000011110000000000000000000000000000000000000000000000000000000000000000000000000000000000000000000000000000000000000000000000000000000000000000000000000111111111111111111111111111111111111111111111000000000000000000000000000000000000000000000000000000000000000000000000000000000000000000000000000000000-000000000099999aaaaa0llllopqrqropmnv-----------------------------------------------------------------------------------------------------------------000000000000000000000000000000000000000000000000000000000000000000000000000000000000000000000000000000000000000000000000000000000000000000000000000000------------------------------------vvvvvvvvv---------------------------------------------------------------------------------------------------------;1.0;0.16523809523809518;0.03347024030757195;0.9088984966558495;0.9716303119811892;0.10483278806292222;0.530678322040938;0.16523809523809518;0.16523809523809518;1;011110111001011111111111111111111110000000001000000000000000000000000000000000100000000000000000000010000000000000000000000000000000010000000000100000100000000001111111111000000000001111000000100000100000000000000000000000000000000000001000000000000000000100000000000000000000000000000000000000000000000001000000010000000000000000000000000000000000000000000000000000000000000000000000000000001000000000000001000010000000000000000000000000000000000000000001000000000000000001000000000000000000000000000000000000001000000000000000000000000000000000000000000000000000000000000000000000000000000000000000011110000100101000000000000000000000000000000000000000000000000000000000100000000000000000000000100000000000000000000000000000000000000010000000000000111111111111111111111111111111101111111111111000000010000001000000000000000000000000000000000000000001000000110000000000000000100000000000000000000000-000000000099999aaaaa0llllopqrqropmnv------------------------B------------------8----------------------------------------j-------------------------Ò--000000000000000000000000000000000000000000000000000000000000100000000000000000000000000000000000000000000000000000000000000000000000000000000000000000------------------------------------111111111---------------------------------------------------------------------------------------------------------
_SEEDS_011111111001111111111111111111111111000000000000000000000000000000000000000000000000000000000000000000000000000000000000000000000000000000000000000000100000000001111111111000000000001111000000000000000000000000000000000000000000000000000000000000000000000000000000000000000000000000000000000000000000000000000000000000000000000000000000000000000000000000000000000000000000000000000000000000000000000000000000000000000000000000000000000000000000000000000000000000000000000000000000000000000000000000000000000000000000000000000000000000000000000000000000000000000000000000000000000000000000000000000000011110000000000000000000000000000000000000000000000000000000000000000000000000000000000000000000000000000000000000000000000000000000000000000000000000111111111111111111111111111111111111111111111000000000000000000000000000000000000000000000000000000000000000000000000000000000000000000000000000000000-000000000099999aaaaa0llllopqrqropmnv-----------------------------------------------------------------------------------------------------------------000000000000000000000000000000000000000000000000000000000000000000000000000000000000000000000000000000000000000000000000000000000000000000000000000000------------------------------------vvvvvvvvv---------------------------------------------------------------------------------------------------------;1.0;0.1693849206349206;0.21382931687002016;0.93947407511649;0.9758418923124805;0.12452393585385914;0.5705090234646284;0.1693849206349206;0.1693849206349206;31;011110111000011111111111111111111111000000000000000000000000000000000000000001000000000000000000000000000000000100000000000000000000000010001000000000100000000001111111111000000000001111000000000000001000000000000000000000000000101000000000000000000000000000000000010000000000000100000100000000000001000000000000100000000000000000000000000000000000000000000000000000000000000000000000001000000000000000000000000000000000000000000000001000000000000000000000000000000000000010000000000000000000100000000000000000000000000000000000000000001000000000000000000000000000000000000000100000000000000000000000011110000000000000000000000000000000100000000000000000000000000000000000000000000000000000000000000000000100000000000000000000000000000000000000001000111111111011111111111111111110111111101111111000000000000000000000000000000000000000000000000000010000000000100000000000000010000000000000000000000000-00000000u099999aaaaa0llllopqrqropmnv--------------------i-----2-------------v-------f------------------------------------------------------------H---000000000001000000000000000000000000000000000000000000000000000000000000000000000000000000000000000000000000000000000000000000000000000000000001000000------------------------------------vvvvvvvvv---------------------------------------------------------------------------------------------------------
_SEEDS_011111111001111111111111111111111111000000000000000000000000000000000000000000000000000000000000000000000000000000000000000000000000000000000000000000100000000001111111111000000000001111000000000000000000000000000000000000000000000000000000000000000000000000000000000000000000000000000000000000000000000000000000000000000000000000000000000000000000000000000000000000000000000000000000000000000000000000000000000000000000000000000000000000000000000000000000000000000000000000000000000000000000000000000000000000000000000000000000000000000000000000000000000000000000000000000000000000000000000000000000011110000000000000000000000000000000000000000000000000000000000000000000000000000000000000000000000000000000000000000000000000000000000000000000000000111111111111111111111111111111111111111111111000000000000000000000000000000000000000000000000000000000000000000000000000000000000000000000000000000000-000000000099999aaaaa0llllopqrqropmnv-----------------------------------------------------------------------------------------------------------------000000000000000000000000000000000000000000000000000000000000000000000000000000000000000000000000000000000000000000000000000000000000000000000000000000------------------------------------vvvvvvvvv---------------------------------------------------------------------------------------------------------;1.0;0.15198412698412678;0.027639641784154234;0.9180905762309937;0.9707465988715989;0.10172959459724167;0.528365089744686;0.15198412698412678;0.15198412698412678;29;011110111001011111111111111111111110000000001000000000000000000000000000000000100000000000000000000010000000000000000000000000000000010000000000100000100000000001111111111000000000001111000000100000100000000000000000000000000000000100001000000000000000000100000000000000000000000000000000000000000000000001000000010000000000000000000000000000000000000100000000000000000000000000001000000000001000010000000000000010000000000000000000000000000000000000000001000000000000000001000000000000000000000000000000000000000000000000000000000000000000000000000000000000000000000000000000000000000000000000000000011110000100001000000000000000000000000000000000000000000000000000000000100000000000000000000000000000000100000000000010000000001000000000000000000000111111111111111111111111111111101111111111111001000000000000000000000010000000000000000000000000000000000000000000000000000000000000000000000000000000-000000000099999aaaaa0llllopqrqropmnv------------------------------------------------------------F------m-----2---B-----lA----------------------------000000000000000001000000000000000000000000000000000000000000000000100000000000010000000000000000000000000000000000000000000000000000000000100000000000------------------------------------ttttttttt---------------------------------------------------------------------------------------------------------
_SEEDS_011111111001111111111111111111111111000000000000000000000000000000000000000000000000000000000000000000000000000000000000000000000000000000000000000000100000000001111111111000000000001111000000000000000000000000000000000000000000000000000000000000000000000000000000000000000000000000000000000000000000000000000000000000000000000000000000000000000000000000000000000000000000000000000000000000000000000000000000000000000000000000000000000000000000000000000000000000000000000000000000000000000000000000000000000000000000000000000000000000000000000000000000000000000000000000000000000000000000000000000000011110000000000000000000000000000000000000000000000000000000000000000000000000000000000000000000000000000000000000000000000000000000000000000000000000111111111111111111111111111111111111111111111000000000000000000000000000000000000000000000000000000000000000000000000000000000000000000000000000000000-000000000099999aaaaa0llllopqrqropmnv-----------------------------------------------------------------------------------------------------------------000000000000000000000000000000000000000000000000000000000000000000000000000000000000000000000000000000000000000000000000000000000000000000000000000000------------------------------------vvvvvvvvv---------------------------------------------------------------------------------------------------------;1.0;0.18918650793650793;0.3585092196873242;0.9455967694202988;0.9632255317781634;0.07963502397712922;0.5893588421332372;0.18918650793650793;0.18918650793650793;19;011111111001111111111111111111111111000000000000000000000000000000000000000000000000000010000000000000000000000000000000000000000010000000000000001000100000000001111111111000000100001111000000000000000000000000000010000000000000000000000000000000000000000000000000000000000000000000000000000000000000000000000000000000000000000000000000010000010000000000000000000000000000000000000000000000000000000000000000010000001000000000000000000000000000000000000000000000000000000000000000000000000010000000000000000000000000000000000000000000000001000000000000000000000000000000000000000000000000000000000000011110000000000000000010000000000000000000000000000000000000000000000000000000000000000000000000000000000100000000000010000000000000000000000000000000111111111111111111111111111111101111111111111001000000000000000000000000000000000000000000000000000000000000000000000000000000000000000000000000000000-000000000099999aaaaa0llllopqrqropmnv-----------------------------------------------------------------------------B-----------------------------------000000000000000001000000000000000000000000000000000000000000000000100000000000010000000000000000000000000000000000000000000000000000000000100000000000------------------------------------jjjjjjjjj---------------------------------------------------------------------------------------------------------
_SEEDS_011111111001111111111111111111111111000000000000000000000000000000000000000000000000000000000000000000000000000000000000000000000000000000000000000000100000000001111111111000000000001111000000000000000000000000000000000000000000000000000000000000000000000000000000000000000000000000000000000000000000000000000000000000000000000000000000000000000000000000000000000000000000000000000000000000000000000000000000000000000000000000000000000000000000000000000000000000000000000000000000000000000000000000000000000000000000000000000000000000000000000000000000000000000000000000000000000000000000000000000000011110000000000000000000000000000000000000000000000000000000000000000000000000000000000000000000000000000000000000000000000000000000000000000000000000111111111111111111111111111111111111111111111000000000000000000000000000000000000000000000000000000000000000000000000000000000000000000000000000000000-000000000099999aaaaa0llllopqrqropmnv-----------------------------------------------------------------------------------------------------------------000000000000000000000000000000000000000000000000000000000000000000000000000000000000000000000000000000000000000000000000000000000000000000000000000000------------------------------------vvvvvvvvv---------------------------------------------------------------------------------------------------------;1.0;0.14434523809523803;0.05404943891394154;0.9200369597848983;0.975927642618819;0.1085838031077969;0.5338238470867823;0.14434523809523803;0.14434523809523803;19;011110101001011111111111111111111110000000001000000010000000000000000000000000100000000000000000000010000000000000000000000000000000010000000000100000100000000001111111111000000000001111000000100000100000000000000000000000000000000000001000000000000000000100000000000000000000000000000000000001000000000001000000010000000000000000000000000000000000000000000000000000000000000000000000000000001000000000000000000010000000000000000000000000000000000000000001000000000000000001000000000000000000000000000000000000000000010000000000000000000000000000000000000000000000000000000000000000000000000000000000011110000100001000000000000000000000000000000000000000000000000000000001000000000000000000000000000000000100000000000010000000000000000000000000000000111111110111111111111111111111101111111111111001000000000000000000000000000000000000000000000000000000000000000000000000000000000000000000000010000000-00000000009999baaaaa0llllopqrqropmnv-----------------------------------------------------------------------------B--------------p--------------------000000000000000001000000000000000010000000000000000000000000000000100000000000010000000000000000000000000000010000000000000000000000000000100000000000------------------------------------jjjjjjjjj---------------------------------------------------------------------------------------------------------
_SEEDS_011111111001111111111111111111111111000000000000000000000000000000000000000000000000000000000000000000000000000000000000000000000000000000000000000000100000000001111111111000000000001111000000000000000000000000000000000000000000000000000000000000000000000000000000000000000000000000000000000000000000000000000000000000000000000000000000000000000000000000000000000000000000000000000000000000000000000000000000000000000000000000000000000000000000000000000000000000000000000000000000000000000000000000000000000000000000000000000000000000000000000000000000000000000000000000000000000000000000000000000000011110000000000000000000000000000000000000000000000000000000000000000000000000000000000000000000000000000000000000000000000000000000000000000000000000111111111111111111111111111111111111111111111000000000000000000000000000000000000000000000000000000000000000000000000000000000000000000000000000000000-000000000099999aaaaa0llllopqrqropmnv-----------------------------------------------------------------------------------------------------------------000000000000000000000000000000000000000000000000000000000000000000000000000000000000000000000000000000000000000000000000000000000000000000000000000000------------------------------------vvvvvvvvv---------------------------------------------------------------------------------------------------------;1.0;0.14267857142857143;0.05913001677228291;0.9327500875429818;0.9792656933249039;0.09224860966501833;0.5343454964556263;0.14267857142857143;0.14267857142857143;31;011110111001011111111111111111111110000000001000000000000000000000000000000001000000000000000000000000000000000000010000000000000000000010001000000000100000000001111111111000000000001111000000000000001000000000000000000000000000101000000000000000000000000000000000000000000000000000000100100000000000000001000010000000000000000000000000000000000000000000000000001000000000000000000000000000000000000000000000000000001000000000000000001000000000000000000000000000000000000110000000000000000000100000000000000000000000000000000000000000001000000000000000000000000000000000000000000000000000000000000000111110000000010000000000000000000000100000000000000000000000000000000000000000000000000000000000000000000000000000000000000000000000000000000000000000111011111111111111111111111111111111110111111000000000000000000000000000000000000000000100000000010000000000000000000000000000000000000000000000000000-000000000099999aaaaa0llllopqrqropmnv---------------------------------0------v-------f----------------------------------------------------------------000000000000000000000000000000000000000000000000000000000000000000000000000000000000000000000000000000100000000000000000000000000000000000000000000000------------------------------------vvvvvvvvv---------------------------------------------------------------------------------------------------------
_SEEDS_011111111001111111111111111111111111000000000000000000000000000000000000000000000000000000000000000000000000000000000000000000000000000000000000000000100000000001111111111000000000001111000000000000000000000000000000000000000000000000000000000000000000000000000000000000000000000000000000000000000000000000000000000000000000000000000000000000000000000000000000000000000000000000000000000000000000000000000000000000000000000000000000000000000000000000000000000000000000000000000000000000000000000000000000000000000000000000000000000000000000000000000000000000000000000000000000000000000000000000000000011110000000000000000000000000000000000000000000000000000000000000000000000000000000000000000000000000000000000000000000000000000000000000000000000000111111111111111111111111111111111111111111111000000000000000000000000000000000000000000000000000000000000000000000000000000000000000000000000000000000-000000000099999aaaaa0llllopqrqropmnv-----------------------------------------------------------------------------------------------------------------000000000000000000000000000000000000000000000000000000000000000000000000000000000000000000000000000000000000000000000000000000000000000000000000000000------------------------------------vvvvvvvvv---------------------------------------------------------------------------------------------------------;1.0;0.13859126984126968;0.039603658940999265;0.9097849543306537;0.978535609325083;0.10517909702120228;0.5286157649098681;0.13859126984126968;0.13859126984126968;31;011110111001011111111111111111111110000000001000000000000000100000000000000000100000000000000000000010000000000000000100000000000000010000000000100000100000000001111111111000000000001110000000100000100000000000000000000000000000000000001000010000000000000100000000000000000000000000000000000000000000000001000000010000000000000000000000000000000000000000000000000000000000000000000000000000001000000000000000000010000000000000000000000000010000000000000001000000000000000001000000000000000000000000000000000000000000000000000000000000000000000000000000000000000000000100000000000000000001000000000000011110000100001000000000000000000000000000000000100000000000000000000000100000000000000000000000100000000000000000001000000000000000000010000000000000111111111111111111111111111111101111111111111000000010000001000000000000000000000000000000000000000001000000110000000000000000000000000000000000000000-000000000099999aaaaa0llllopqrqropmnv------------------------B------------------8----------------------------------------j---------------------o---Ò--000000000000000000000000000000000000000000000000000000000000100000000000001000000000000000000000000000000000000000000000000000000001010100000000000000------------------------------------vvvvvvvvv---------------------------------------------------------------------------------------------------------
_SEEDS_011111111001111111111111111111111111000000000000000000000000000000000000000000000000000000000000000000000000000000000000000000000000000000000000000000100000000001111111111000000000001111000000000000000000000000000000000000000000000000000000000000000000000000000000000000000000000000000000000000000000000000000000000000000000000000000000000000000000000000000000000000000000000000000000000000000000000000000000000000000000000000000000000000000000000000000000000000000000000000000000000000000000000000000000000000000000000000000000000000000000000000000000000000000000000000000000000000000000000000000000011110000000000000000000000000000000000000000000000000000000000000000000000000000000000000000000000000000000000000000000000000000000000000000000000000111111111111111111111111111111111111111111111000000000000000000000000000000000000000000000000000000000000000000000000000000000000000000000000000000000-000000000099999aaaaa0llllopqrqropmnv-----------------------------------------------------------------------------------------------------------------000000000000000000000000000000000000000000000000000000000000000000000000000000000000000000000000000000000000000000000000000000000000000000000000000000------------------------------------vvvvvvvvv---------------------------------------------------------------------------------------------------------;1.0;0.19759920634920636;0.2947710135759306;0.9332981310803892;0.9673609696403814;0.09880138244108831;0.5819717838478327;0.19759920634920636;0.19759920634920636;31;011110111000011111111110111111111111000000000000000100000000000000000000000001000000000000000000000000000000000100000000000000000000000010001000000000100000000001111111111000000000001111000000000000101000000000000000000000000000101000000000000000000000000000000000000000000000000100000100000000000001000000000000100000000000000000000000000000000000000000000000000000000000000001000000001000000000000000000000000000000000010000010000001000000000000000000000000000000000000010000000000000000000100000000000000000000000000000000000000000001000000000000000000000010000000000000000000000000000100000000000011110000000000000000010000000000000000001000000000000000000000000000000000000000000000000000000000000000101000000000010000000001000100000000000000000111111111111111111111101111111101111111111111001000000000000000000000010000000000000000000000000000000000000000000000000000000000000000000000000000000-000000000099999aaaaa0llllopqrqropmnv---------------------7--------------------------------------F--D---m-------B-B------A----------------------------000000000000000001000000000000000000000000000000000000000000000000100000000000010000000000000000000000000000000000000000000000000000000000100000000000------------------------------------vvvvvvvvv---------------------------------------------------------------------------------------------------------
_SEEDS_011111111001111111111111111111111111000000000000000000000000000000000000000000000000000000000000000000000000000000000000000000000000000000000000000000100000000001111111111000000000001111000000000000000000000000000000000000000000000000000000000000000000000000000000000000000000000000000000000000000000000000000000000000000000000000000000000000000000000000000000000000000000000000000000000000000000000000000000000000000000000000000000000000000000000000000000000000000000000000000000000000000000000000000000000000000000000000000000000000000000000000000000000000000000000000000000000000000000000000000000011110000000000000000000000000000000000000000000000000000000000000000000000000000000000000000000000000000000000000000000000000000000000000000000000000111111111111111111111111111111111111111111111000000000000000000000000000000000000000000000000000000000000000000000000000000000000000000000000000000000-000000000099999aaaaa0llllopqrqropmnv-----------------------------------------------------------------------------------------------------------------000000000000000000000000000000000000000000000000000000000000000000000000000000000000000000000000000000000000000000000000000000000000000000000000000000------------------------------------vvvvvvvvv---------------------------------------------------------------------------------------------------------;1.0;0.19561507936507938;0.16805296439214357;0.9395999820612824;0.9731685191238967;0.1062008219255157;0.5637728944779863;0.19561507936507938;0.19561507936507938;31;011110111001011111111111110111111111000000000001000000000000000001000000000001000000000000000000000000000000000000000000000000000000000010001000000000100000000001111111111000000000001111000000000000001000000000000000000000000001101000000000000000000000000000000000000010000000000000000100000000000000000000000000100000000000000000000000000000000000000000000000000000000000000010000000001000000000000000000000000000000001000000000000001000000000000000000000000000000000000010000000000000000000100000100000000000000000000000000000010000000001000000010000000000000000000000000000000000000000100000000000011110000000000000000010000000000000000000000000000000000000001000000000000000000000000000000000000000000100000000000010000000001000100000000000000000111111111111111111111111111111101111111111111001000000000000000000000010000000010000000000000000000000000000000000001000000000000000000000000000000000-000000000099999aaaaa0llllopqrqropmpv------------------------B------------------8----------------------------------------j-------------------------Ò--000000000000000000000000000000000000000000000000000000000000100000000000001000000000000000000000000000000000000000000000000000000001010100000000000000------------------------------------vvvvvvvvv---------------------------------------------------------------------------------------------------------
_SEEDS_011111111001111111111111111111111111000000000000000000000000000000000000000000000000000000000000000000000000000000000000000000000000000000000000000000100000000001111111111000000000001111000000000000000000000000000000000000000000000000000000000000000000000000000000000000000000000000000000000000000000000000000000000000000000000000000000000000000000000000000000000000000000000000000000000000000000000000000000000000000000000000000000000000000000000000000000000000000000000000000000000000000000000000000000000000000000000000000000000000000000000000000000000000000000000000000000000000000000000000000000011110000000000000000000000000000000000000000000000000000000000000000000000000000000000000000000000000000000000000000000000000000000000000000000000000111111111111111111111111111111111111111111111000000000000000000000000000000000000000000000000000000000000000000000000000000000000000000000000000000000-000000000099999aaaaa0llllopqrqropmnv-----------------------------------------------------------------------------------------------------------------000000000000000000000000000000000000000000000000000000000000000000000000000000000000000000000000000000000000000000000000000000000000000000000000000000------------------------------------vvvvvvvvv---------------------------------------------------------------------------------------------------------;1.0;0.20490079365079383;0.33872387896931666;0.9451030831913185;0.9656638593480699;0.09870492673124251;0.5921827569817902;0.20490079365079383;0.20490079365079383;31;011110111001011111111111110111111111000000000000000000000000000001000000000001000000000000000000000000000000000000000000000000000010100010000000000000100000000001111111111000000000001111000000000001001000000000000000000000000000101000000100000000000000000000000000000000000000000100000110000000001001000000000000100000000000000000000000000000000000000000000000000000000000000000000000001000000000000000000000000000000000000000000000001000000000000000000000000000000000000010000000000000000000100000000000000000000000000000000000000000001000000000000000000000000000000000000000100000000000000000000000011110000000000000000000000000000000100000000000000000000000000000000000000000000000010000000000000000000000000000000000000000000000000000000000001000111111111111111111111111111111111111111111111000000000000000000000000000000000000000000000000000010000000000100000000000000010000000000000000000000000-000000000099999aaaaa0llllopqrqropmnv-----------H---------------------------pv-------f----------------------------------------------------------------000000000000000000000000000000000000000000000000000000000010000000000000000000010001000000000000000000000000000000000000000000000000000000000000000001------------------------------------vvvvvvvvv---------------------------------------------------------------------------------------------------------
_SEEDS_011111111001111111111111111111111111000000000000000000000000000000000000000000000000000000000000000000000000000000000000000000000000000000000000000000100000000001111111111000000000001111000000000000000000000000000000000000000000000000000000000000000000000000000000000000000000000000000000000000000000000000000000000000000000000000000000000000000000000000000000000000000000000000000000000000000000000000000000000000000000000000000000000000000000000000000000000000000000000000000000000000000000000000000000000000000000000000000000000000000000000000000000000000000000000000000000000000000000000000000000011110000000000000000000000000000000000000000000000000000000000000000000000000000000000000000000000000000000000000000000000000000000000000000000000000111111111111111111111111111111111111111111111000000000000000000000000000000000000000000000000000000000000000000000000000000000000000000000000000000000-000000000099999aaaaa0llllopqrqropmnv-----------------------------------------------------------------------------------------------------------------000000000000000000000000000000000000000000000000000000000000000000000000000000000000000000000000000000000000000000000000000000000000000000000000000000------------------------------------vvvvvvvvv---------------------------------------------------------------------------------------------------------;1.0;0.19311507936507943;0.42651830476036134;0.9514247660377692;0.9660716789664159;0.09641728773307721;0.6055911861437838;0.19311507936507943;0.19311507936507943;31;011110111001011111111111111111111111000000000000000000000000000000000000000001000000000000000000000000000000000000000000000000000000000010001000000000100000000001111111111000000000001111000000000000001000000000000000000000000000101000000000000000000000000000000000000000000000000000000100000000000000000000000000000000000000000000000000000000000000000000000000000000000000000000000000000000000000000000000000000000000000000000000000001000000000000000000000000000000000000000000000000000000000100000000000000000000000000000000000000000001000000000000000000000000000000000000000000000000000000000000000011110000000000000000000000000000000100000000000000000000000000000000000000000000000000000000000000000000000000000000000000000000000000000000000000000111111111111111111111111111111111111111111111000000000000000000000000000000000000000000000000000010000000000000000000000000000000000000000000000000000-000000000099999aaaaa0llllopqrqropmnv------------------------------------------------f----------------------------------------------------------------000000000000000000000000000000000000000000000000000000000000000000000000000000000000000000000000000000000000000000000000000000000000001000000000000000------------------------------------vvvvvvvvv---------------------------------------------------------------------------------------------------------
_SEEDS_011111111001111111111111111111111111000000000000000000000000000000000000000000000000000000000000000000000000000000000000000000000000000000000000000000100000000001111111111000000000001111000000000000000000000000000000000000000000000000000000000000000000000000000000000000000000000000000000000000000000000000000000000000000000000000000000000000000000000000000000000000000000000000000000000000000000000000000000000000000000000000000000000000000000000000000000000000000000000000000000000000000000000000000000000000000000000000000000000000000000000000000000000000000000000000000000000000000000000000000000011110000000000000000000000000000000000000000000000000000000000000000000000000000000000000000000000000000000000000000000000000000000000000000000000000111111111111111111111111111111111111111111111000000000000000000000000000000000000000000000000000000000000000000000000000000000000000000000000000000000-000000000099999aaaaa0llllopqrqropmnv-----------------------------------------------------------------------------------------------------------------000000000000000000000000000000000000000000000000000000000000000000000000000000000000000000000000000000000000000000000000000000000000000000000000000000------------------------------------vvvvvvvvv---------------------------------------------------------------------------------------------------------;1.0;0.18309523809523798;0.2431204574785134;0.9430786782986552;0.9668467190035818;0.12607614652957788;0.5770362065675944;0.18309523809523798;0.18309523809523798;31;011110111001011111111111110111111111000000000000100000000000000001000000000001000000000000000000000000000000001000000000000000000001100010001000000000100000000001111111111000000000001111000000000001001000000000000000000000000000101000000100000000000000000000000000000100000001000101000100000001000001000000000000100000000000000000000000000000000000000000000000000001000000000000000000001000000000000000000000000000000000000000000000001000000000000000000000000000000000000010000001000000000000100000000000000000000000100000000000000000001000101000000000000000010000000000000000100000000000000000000000011110000000000000000100010000000000100000000000000000000000000000000000000000000000100000000000000000000000000000000000000000000000000000000000001000111111111011111110111111111111111111111011111000000000000000000000000000000000100000000000000000010000000000100000000000000010000000000000000000000000-000000000099999aaaaa0llllopqrqropmnv----------------4-----------------------v-------f--------------------------------k-------------------------------000000000001000000000000000000000000000000000000000000000000000000000000000000000000000001000000000000000000010000000000000001000000000000000000000000------------------------------------vvvvvvvvv---------------------------------------------------------------------------------------------------------
_SEEDS_011111111001111111111111111111111111000000000000000000000000000000000000000000000000000000000000000000000000000000000000000000000000000000000000000000100000000001111111111000000000001111000000000000000000000000000000000000000000000000000000000000000000000000000000000000000000000000000000000000000000000000000000000000000000000000000000000000000000000000000000000000000000000000000000000000000000000000000000000000000000000000000000000000000000000000000000000000000000000000000000000000000000000000000000000000000000000000000000000000000000000000000000000000000000000000000000000000000000000000000000011110000000000000000000000000000000000000000000000000000000000000000000000000000000000000000000000000000000000000000000000000000000000000000000000000111111111111111111111111111111111111111111111000000000000000000000000000000000000000000000000000000000000000000000000000000000000000000000000000000000-000000000099999aaaaa0llllopqrqropmnv-----------------------------------------------------------------------------------------------------------------000000000000000000000000000000000000000000000000000000000000000000000000000000000000000000000000000000000000000000000000000000000000000000000000000000------------------------------------vvvvvvvvv---------------------------------------------------------------------------------------------------------;1.0;0.19966269841269835;0.18170442400383846;0.9319879032359683;0.9619274610745199;0.12658345692904516;0.5669776572760116;0.19966269841269835;0.19966269841269835;31;011110111001011111111111110111111111000000000000000000000000000001000000000001000000000000000000000000000100000000000000000000000000000010001000000000100000000001111111111000000000001111000000000000001000000000000000000000000001101000000000000000000000000000000000000000000000000000000100000000000000000000000000100000000000000000000000000000000000000000000000000000000000000000000000001000000000000000000000000000000001000000000000001000000000000000000000000000000000000010000000000000000000100000000000000000000000000000000000010000000001000000000001000000000000010000000000000000000000100000000000011110000000000000000010000000000000000000000000000000000000001000000000000000000000000000000000000000000100000000000010000000001000100000000000000000111111111111111111111111111111101111111111111001000000000000000000000010000000000000000000000000000000000000000000000000000000000000000000000000000000-900000000099999aa7aa0llllopqrqropmnv-------------------C------------------o---------------d-----F------m---------B------A----------------------------000000000000000001000000000000000000000000000000000000000000000000100000000000010000000000000000000000000000000000000000000000000000000000100000000000------------------------------------vvvvvvvvv---------------------------------------------------------------------------------------------------------
_SEEDS_011111111001111111111111111111111111000000000000000000000000000000000000000000000000000000000000000000000000000000000000000000000000000000000000000000100000000001111111111000000000001111000000000000000000000000000000000000000000000000000000000000000000000000000000000000000000000000000000000000000000000000000000000000000000000000000000000000000000000000000000000000000000000000000000000000000000000000000000000000000000000000000000000000000000000000000000000000000000000000000000000000000000000000000000000000000000000000000000000000000000000000000000000000000000000000000000000000000000000000000000011110000000000000000000000000000000000000000000000000000000000000000000000000000000000000000000000000000000000000000000000000000000000000000000000000111111111111111111111111111111111111111111111000000000000000000000000000000000000000000000000000000000000000000000000000000000000000000000000000000000-000000000099999aaaaa0llllopqrqropmnv-----------------------------------------------------------------------------------------------------------------000000000000000000000000000000000000000000000000000000000000000000000000000000000000000000000000000000000000000000000000000000000000000000000000000000------------------------------------vvvvvvvvv---------------------------------------------------------------------------------------------------------;1.0;0.22779761904761908;0.106874866307335;0.9416406552739673;0.9764078144078144;0.1318947098652981;0.5641026108170057;0.22779761904761908;0.22779761904761908;31;011110111000011111111111111111111111000000000000000000000000000000000000000001000000000000000100000000000000000100000100000000000000000010001000000000101000000001111111111000000000001111000000000000001000000000000000000000000000101000000000000000000000000000000000000000000000000000000100000000000000000000000000100000000000000000000000000000000000000000000000000000000000000000000000001000000001000000000000000100000000000000000000000000000000000000000001000000000000000001000000000000000000000000000000000000000000000000000000000000000000000000000000000000000000000000000000000000000000000000000000011110000100001000000000000000000000000000000000000000000000000000000000100100000000000000000000100000000000000000000000000000000000000010000000000000111111111111111111111111111111101111111111111000000010000001000000000000000000000100000000000000000001000000010000000000000000000000000000000000000000-000000000099999aaaaa0llllopqrqropmnv------------------------B------------------8------------m---------------------------j-------------------------Ò--000000000000000000000000000000000000000000000000000000000000100000000000001000000000000000000000000000000000000000000000000000000001010100000000000000------------------------------------vvvvvvvvv---------------------------------------------------------------------------------------------------------
_SEEDS_011111111001111111111111111111111111000000000000000000000000000000000000000000000000000000000000000000000000000000000000000000000000000000000000000000100000000001111111111000000000001111000000000000000000000000000000000000000000000000000000000000000000000000000000000000000000000000000000000000000000000000000000000000000000000000000000000000000000000000000000000000000000000000000000000000000000000000000000000000000000000000000000000000000000000000000000000000000000000000000000000000000000000000000000000000000000000000000000000000000000000000000000000000000000000000000000000000000000000000000000011110000000000000000000000000000000000000000000000000000000000000000000000000000000000000000000000000000000000000000000000000000000000000000000000000111111111111111111111111111111111111111111111000000000000000000000000000000000000000000000000000000000000000000000000000000000000000000000000000000000-000000000099999aaaaa0llllopqrqropmnv-----------------------------------------------------------------------------------------------------------------000000000000000000000000000000000000000000000000000000000000000000000000000000000000000000000000000000000000000000000000000000000000000000000000000000------------------------------------vvvvvvvvv---------------------------------------------------------------------------------------------------------;1.0;0.22426587301587309;0.43638020320303816;0.9413678641619818;0.9584537394537395;0.12837302007890244;0.6148067833189225;0.22426587301587309;0.22426587301587309;24;011110111001010111111111111111110111000000000000000000000000000000000000000001000000000000000000000000000000000000000000000000000000000010001000000000100001000001111111111000000000001111000000000000001000000000000000000000000000101000000000000000000000000000000000000000000000000000000100000000000000000000000000100000000000000000000000000000000000000000000000000000000000000000000000001000000000000000000000000000000000000000000000001000000000000000000000000000000000000010000000000000000000100000000000000000000000000000000000000000001000000000000000000000000000000000000000100000000000000000000000011110000000000000000000000000000000100000000000000000000000000000000000000010000000000000000000100000000000000000000000010000000000000000000000001000111111111111111111111111111111111111111111111000000000000000000000000000000000000000000000000000010000000000100000000000000010000000000000000000000000-000000000099999aaaaa0llllopqrqropmnv----------------------------------------v-------f----------------------------------------------------------------000000000000000000000000000000000000000000000000000000000000000000000000000000010001000000000000000000000000000000000000000000000000000000000001000000------------------------------------ooooooooo---------------------------------------------------------------------------------------------------------
_SEEDS_011111111001111111111111111111111111000000000000000000000000000000000000000000000000000000000000000000000000000000000000000000000000000000000000000000100000000001111111111000000000001111000000000000000000000000000000000000000000000000000000000000000000000000000000000000000000000000000000000000000000000000000000000000000000000000000000000000000000000000000000000000000000000000000000000000000000000000000000000000000000000000000000000000000000000000000000000000000000000000000000000000000000000000000000000000000000000000000000000000000000000000000000000000000000000000000000000000000000000000000000011110000000000000000000000000000000000000000000000000000000000000000000000000000000000000000000000000000000000000000000000000000000000000000000000000111111111111111111111111111111111111111111111000000000000000000000000000000000000000000000000000000000000000000000000000000000000000000000000000000000-000000000099999aaaaa0llllopqrqropmnv-----------------------------------------------------------------------------------------------------------------000000000000000000000000000000000000000000000000000000000000000000000000000000000000000000000000000000000000000000000000000000000000000000000000000000------------------------------------vvvvvvvvv---------------------------------------------------------------------------------------------------------;1.0;0.19412698412698404;0.34113404452684704;0.9347016223931017;0.9540369918790972;0.08640861823317963;0.585068043526535;0.19412698412698404;0.19412698412698404;31;011110111001011111111111111111111111000000000000000000000000000000000000000001000000000000000000000000000000000000000000000000000000000010001000000000100000000001111111111000000000001111000000000000001000000000000000000000000000101000000000000000000000000000000000000000000000000000000100000000000000000000000000100010000000000000000000000010000000000001000000000000000000000000000000001000000000000000000000000000000000000000000000001000000000000000000000000000000000000010000000000000000000100000000000000000000000000000000000000000001000000000000000000000100000000000000000100000000000100000000000011110000000000000000010000000000000000000000000000000000000000001000000000000000000000000000000000000000100000000000010000000001000100000000000000000111111111111111111111111111111101111111111111001000000000000000000000010000000000000000000000000000000000000000000000000000000000000000000000000000000-000000000099999aaaaa0llllopqrqropmnv--------------------------------------o---------------------F------m---------B------A----------------------------000000000000000001000000000000000000000000000000000000000000000000100000000000010000000000000000000000000000000000000000000000000000000000100000000000------------------------------------vvvvvvvvv---------------------------------------------------------------------------------------------------------
_SEEDS_011111111001111111111111111111111111000000000000000000000000000000000000000000000000000000000000000000000000000000000000000000000000000000000000000000100000000001111111111000000000001111000000000000000000000000000000000000000000000000000000000000000000000000000000000000000000000000000000000000000000000000000000000000000000000000000000000000000000000000000000000000000000000000000000000000000000000000000000000000000000000000000000000000000000000000000000000000000000000000000000000000000000000000000000000000000000000000000000000000000000000000000000000000000000000000000000000000000000000000000000011110000000000000000000000000000000000000000000000000000000000000000000000000000000000000000000000000000000000000000000000000000000000000000000000000111111111111111111111111111111111111111111111000000000000000000000000000000000000000000000000000000000000000000000000000000000000000000000000000000000-000000000099999aaaaa0llllopqrqropmnv-----------------------------------------------------------------------------------------------------------------000000000000000000000000000000000000000000000000000000000000000000000000000000000000000000000000000000000000000000000000000000000000000000000000000000------------------------------------vvvvvvvvv---------------------------------------------------------------------------------------------------------;1.0;0.13835317460317464;0.062004524455089416;0.9188887726194228;0.9696527183369289;0.10966909887962521;0.5330947148157068;0.13835317460317464;0.13835317460317464;31;011110111001011111111111111111111110000000001000000000000000000000000000000000100000000000000000000010000000000000000000000000000000010000000000100000100000000001111111111000000000001111000000100000100000000000000000000000000000000000001000000000000000000110000000000000000000000000000000000000000000000001000000010000000000000000000000000000000000000000000000000000000000000000000000000000001000000000000000000010000000000001000000000000000000000000000001000000000000000001000000000000000000000000000000000000000000000000000000000000000000000000000000000000000000000000000000000000000000000000000000011110000100001000000000000000000000000000000000000000000000000000001000100000000000000000000000100000000100000000000010000000001000100000000000000000111111111111111111111101111111101111111111111001000000000000000000000010000000000000000000000000000000000000000000000000000000000000010000000000000000-000000000099999aaaaa0llllopqrqropmnv---------------------7--------------------------------------F--D---m---------B------A-8--------------------------000000000000000001000000000000000000000000000000000000001000000000100000000000010000000000000000000000000000000000000000000000000000000100100000000000------------------------------------vvvvvvvvv---------------------------------------------------------------------------------------------------------
_SEEDS_011111111001111111111111111111111111000000000000000000000000000000000000000000000000000000000000000000000000000000000000000000000000000000000000000000100000000001111111111000000000001111000000000000000000000000000000000000000000000000000000000000000000000000000000000000000000000000000000000000000000000000000000000000000000000000000000000000000000000000000000000000000000000000000000000000000000000000000000000000000000000000000000000000000000000000000000000000000000000000000000000000000000000000000000000000000000000000000000000000000000000000000000000000000000000000000000000000000000000000000000011110000000000000000000000000000000000000000000000000000000000000000000000000000000000000000000000000000000000000000000000000000000000000000000000000111111111111111111111111111111111111111111111000000000000000000000000000000000000000000000000000000000000000000000000000000000000000000000000000000000-000000000099999aaaaa0llllopqrqropmnv-----------------------------------------------------------------------------------------------------------------000000000000000000000000000000000000000000000000000000000000000000000000000000000000000000000000000000000000000000000000000000000000000000000000000000------------------------------------vvvvvvvvv---------------------------------------------------------------------------------------------------------;1.0;0.19311507936507932;0.2803839646373323;0.9378703405154644;0.9668258642938949;0.12848402710295298;0.5844465459857874;0.19311507936507932;0.19311507936507932;31;011110111001011111111111111111111111000000000000000000000000000000000000000001000000000000000000000000000000000100000000000000000000000010001000000100100000000001111111111000000000001111000000000000001000000000000000000000000000101000000000000000000000000000000000000000000000000000000100000000000000000000000000101000000000000000000000000000000000000000000000000000000000000000000000001000000000000000000000000000000000000000000000001000000000000000000000000000000000000010000000000000000000100000000000000100000000000000000000000000001000000000000000000000000000000000000000100000000000000000000000011110000000000000000000000000000000100000000000000000000000000000000000000000000000000000000000000000000000000000000000000000000000000000000000001000111111111111111111111101111111101111111111111001000000000000000000000010000000000000000000000000000000000000000000100000000000000000000000000000000000-0000000d0099999aaaaa0llllopqrqropmnv---------------------7---------------------4---------w------F--D---m---------B------A-------------------------H--000000000000000011000000000000000000000000000000000000000000000000100000000000010000000000000000000000000000000000000000000000000000000000100001000001------------------------------------vvvvvvvvv---------------------------------------------------------------------------------------------------------
