;Q_1;Q_2;Q_3;Q_4;Q_5;Q_6;Q_7;S1;S_2;TransplantRootHullIndex;Encoding;
_SEEDS_111111111111111111111111111111111111111111111111111111111000000000000000000000000000000000000000000000000000000000000000000000000000000000000000000000000000000000000000000000000000000000000000000000000000000000000000000000000000000000000000000000000000000000000000000000000000000000000000000000000000000101010101000110000000000000011111100000000000000000000000000000000000000000000000000000000000000000000000000000000000000000000000000000000000000000000000000000000000000000000000000000000000000000000000000000000000000000000000000000000000000000000000000000000000000000000000000000000000000000000000000000000000000000000000000000000000000000000000000000000000000000000000000000000000000000000000000000000000000000000000000000000000000000000000000000111111111111111111111111111111111111111111111111111111111000000000000000000000000000000000000000000000000000000000000000000000000000000000000000000000-0020406080a0ccdefg0jkl0nop0rstjlnprtnnnnnnpppppprrssNOPQ---------------------------------------------------------------------------------------------000000000000000000000000000000000000000000000000000000000000000000000000000000000000000000000000000000000000000000000000000000000000000000000000000000------------------------------------------------------------------------------------------------------------------------------------------------------;1.0;0.13303571428571448;0.0;0.9764269870674906;0.9940824190234103;0.03657978334635064;0.5233541506204944;0.13303571428571448;0.13303571428571448;-1;111111111111111111111111111111111111111111111111111111111000000000000000000000000000000000000000000000000000000000000000000000000000000000000000000000000000000000000000000000000000000000000000000000000000000000000000000000000000000000000000000000000000000000000000000000000000000000000000000000000000000101010101000110000000000000011111100000000000000000000000000000000000000000000000000000000000000000000000000000000000000000000000000000000000000000000000000000000000000000000000000000000000000000000000000000000000000000000000000000000000000000000000000000000000000000000000000000000000000000000000000000000000000000000000000000000000000000000000000000000000000000000000000000000000000000000000000000000000000000000000000000000000000000000000000000111111111111111111111111111111111111111111111111111111111000000000000000000000000000000000000000000000000000000000000000000000000000000000000000000000-0020406080a0ccdefg0jkl0nop0rstjlnprtnnnnnnpppppprrssNOPQ---------------------------------------------------------------------------------------------000000000000000000000000000000000000000000000000000000000000000000000000000000000000000000000000000000000000000000000000000000000000000000000000000000------------------------------------------------------------------------------------------------------------------------------------------------------
_SEEDS_111111111111111111111111111111111111111111111111111111111000000000000000000000000000000000000000000000000000000000000000000000000000000000000000000000000000000000000000000000000000000000000000000000000000000000000000000000000000000000000000000000000000000000000000000000000000000000000000000000000000000101010101000110000000000000011111100000000000000000000000000000000000000000000000000000000000000000000000000000000000000000000000000000000000000000000000000000000000000000000000000000000000000000000000000000000000000000000000000000000000000000000000000000000000000000000000000000000000000000000000000000000000000000000000000000000000000000000000000000000000000000000000000000000000000000000000000000000000000000000000000000000000000000000000000000111111111111111111111111111111111111111111111111111111111000000000000000000000000000000000000000000000000000000000000000000000000000000000000000000000-0020406080a0ccdefg0jkl0nop0rstjlnprtnnnnnnpppppprrssNOPQ---------------------------------------------------------------------------------------------000000000000000000000000000000000000000000000000000000000000000000000000000000000000000000000000000000000000000000000000000000000000000000000000000000------------------------------------------------------------------------------------------------------------------------------------------------------;1.0;0.135734126984127;0.0;0.977024718773193;0.9943738838310042;0.029541894687070087;0.5227791040458991;0.135734126984127;0.135734126984127;-1;111111111111111111111111111111111111111111111111111111111000000000000000000000000000000000000000000000000000000000000000000000000000000000000000000000000000000000000000000000000000000000000000000000000000000000000000000000000000000000000000000000000000000000000000000000000000000000000000000000000000000101010101000110000000000000011111100000000000000000000000000000000000000000000000000000000000000000000000000000000000000000000000000000000000000000000000000000000000000000000000000000000000000000000000000000000000000000000000000000000000000000000000000000000000000000000000000000000000000000000000000000000000000000000000000000000000000000000000000000000000000000000000000000000000000000000000000000000000000000000000000000000000000000000000000000111111111111111111111111111111111111111111111111111111111000000000000000000000000000000000000000000000000000000000000000000000000000000000000000000000-0020406080a0ccdefg0jkl0nop0rstjlnprtnnnnnnpppppprrssNOPQ---------------------------------------------------------------------------------------------000000000000000000000000000000000000000000000000000000000000000000000000000000000000000000000000000000000000000000000000000000000000000000000000000000------------------------------------------------------------------------------------------------------------------------------------------------------
_SEEDS_111111111111111111111111111111111111111111111111111111111000000000000000000000000000000000000000000000000000000000000000000000000000000000000000000000000000000000000000000000000000000000000000000000000000000000000000000000000000000000000000000000000000000000000000000000000000000000000000000000000000000101010101000110000000000000011111100000000000000000000000000000000000000000000000000000000000000000000000000000000000000000000000000000000000000000000000000000000000000000000000000000000000000000000000000000000000000000000000000000000000000000000000000000000000000000000000000000000000000000000000000000000000000000000000000000000000000000000000000000000000000000000000000000000000000000000000000000000000000000000000000000000000000000000000000000111111111111111111111111111111111111111111111111111111111000000000000000000000000000000000000000000000000000000000000000000000000000000000000000000000-0020406080a0ccdefg0jkl0nop0rstjlnprtnnnnnnpppppprrssNOPQ---------------------------------------------------------------------------------------------000000000000000000000000000000000000000000000000000000000000000000000000000000000000000000000000000000000000000000000000000000000000000000000000000000------------------------------------------------------------------------------------------------------------------------------------------------------;1.0;0.1319246031746032;0.040748906980250243;0.9806146209763575;0.9984126984126984;0.04476887773872151;0.5327449512137719;0.1319246031746032;0.1319246031746032;-1;111111111111111111111111111111111111111111111111111111111000000000000000000000000000000000000000000000000000000000000000000000000000000000000000000000000000000000000000000000000000000000000000000000000000000000000000000000000000000000000000000000000000000000000000000000000000000000000000000000000000000101010101000110000000000000011111100000000000000000000000000000000000000000000000000000000000000000000000000000000000000000000000000000000000000000000000000000000000000000000000000000000000000000000000000000000000000000000000000000000000000000000000000000000000000000000000000000000000000000000000000000000000000000000000000000000000000000000000000000000000000000000000000000000000000000000000000000000000000000000000000000000000000000000000000000111111111111111111111111111111111111111111111111111111111000000000000000000000000000000000000000000000000000000000000000000000000000000000000000000000-0020406080a0ccdefg0jkl0nop0rstjlnprtnnnnnnpppppprrssNOPQ---------------------------------------------------------------------------------------------000000000000000000000000000000000000000000000000000000000000000000000000000000000000000000000000000000000000000000000000000000000000000000000000000000------------------------------------------------------------------------------------------------------------------------------------------------------
_SEEDS_111111111111111111111111111111111111111111111111111111111000000000000000000000000000000000000000000000000000000000000000000000000000000000000000000000000000000000000000000000000000000000000000000000000000000000000000000000000000000000000000000000000000000000000000000000000000000000000000000000000000000101010101000110000000000000011111100000000000000000000000000000000000000000000000000000000000000000000000000000000000000000000000000000000000000000000000000000000000000000000000000000000000000000000000000000000000000000000000000000000000000000000000000000000000000000000000000000000000000000000000000000000000000000000000000000000000000000000000000000000000000000000000000000000000000000000000000000000000000000000000000000000000000000000000000000111111111111111111111111111111111111111111111111111111111000000000000000000000000000000000000000000000000000000000000000000000000000000000000000000000-0020406080a0ccdefg0jkl0nop0rstjlnprtnnnnnnpppppprrssNOPQ---------------------------------------------------------------------------------------------000000000000000000000000000000000000000000000000000000000000000000000000000000000000000000000000000000000000000000000000000000000000000000000000000000------------------------------------------------------------------------------------------------------------------------------------------------------;1.0;0.13509920634920636;0.03955760850969614;0.9802734916037292;0.9964741948612916;0.04149677674639806;0.5321502130117203;0.13509920634920636;0.13509920634920636;-1;111111111111111111111111111111111111111111111111111111111000000000000000000000000000000000000000000000000000000000000000000000000000000000000000000000000000000000000000000000000000000000000000000000000000000000000000000000000000000000000000000000000000000000000000000000000000000000000000000000000000000101010101000110000000000000011111100000000000000000000000000000000000000000000000000000000000000000000000000000000000000000000000000000000000000000000000000000000000000000000000000000000000000000000000000000000000000000000000000000000000000000000000000000000000000000000000000000000000000000000000000000000000000000000000000000000000000000000000000000000000000000000000000000000000000000000000000000000000000000000000000000000000000000000000000000111111111111111111111111111111111111111111111111111111111000000000000000000000000000000000000000000000000000000000000000000000000000000000000000000000-0020406080a0ccdefg0jkl0nop0rstjlnprtnnnnnnpppppprrssNOPQ---------------------------------------------------------------------------------------------000000000000000000000000000000000000000000000000000000000000000000000000000000000000000000000000000000000000000000000000000000000000000000000000000000------------------------------------------------------------------------------------------------------------------------------------------------------
_SEEDS_111111111111111111111111111111111111111111111111111111111000000000000000000000000000000000000000000000000000000000000000000000000000000000000000000000000000000000000000000000000000000000000000000000000000000000000000000000000000000000000000000000000000000000000000000000000000000000000000000000000000000101010101000110000000000000011111100000000000000000000000000000000000000000000000000000000000000000000000000000000000000000000000000000000000000000000000000000000000000000000000000000000000000000000000000000000000000000000000000000000000000000000000000000000000000000000000000000000000000000000000000000000000000000000000000000000000000000000000000000000000000000000000000000000000000000000000000000000000000000000000000000000000000000000000000000111111111111111111111111111111111111111111111111111111111000000000000000000000000000000000000000000000000000000000000000000000000000000000000000000000-0020406080a0ccdefg0jkl0nop0rstjlnprtnnnnnnpppppprrssNOPQ---------------------------------------------------------------------------------------------000000000000000000000000000000000000000000000000000000000000000000000000000000000000000000000000000000000000000000000000000000000000000000000000000000------------------------------------------------------------------------------------------------------------------------------------------------------;1.0;0.13315476190476183;0.03805763493112735;0.9777199709013932;0.9939002156744092;0.033056093177677125;0.5293147794315615;0.13315476190476183;0.13315476190476183;-1;111111111111111111111111111111111111111111111111111111111000000000000000000000000000000000000000000000000000000000000000000000000000000000000000000000000000000000000000000000000000000000000000000000000000000000000000000000000000000000000000000000000000000000000000000000000000000000000000000000000000000101010101000110000000000000011111100000000000000000000000000000000000000000000000000000000000000000000000000000000000000000000000000000000000000000000000000000000000000000000000000000000000000000000000000000000000000000000000000000000000000000000000000000000000000000000000000000000000000000000000000000000000000000000000000000000000000000000000000000000000000000000000000000000000000000000000000000000000000000000000000000000000000000000000000000111111111111111111111111111111111111111111111111111111111000000000000000000000000000000000000000000000000000000000000000000000000000000000000000000000-0020406080a0ccdefg0jkl0nop0rstjlnprtnnnnnnpppppprrssNOPQ---------------------------------------------------------------------------------------------000000000000000000000000000000000000000000000000000000000000000000000000000000000000000000000000000000000000000000000000000000000000000000000000000000------------------------------------------------------------------------------------------------------------------------------------------------------
_SEEDS_111111111111111111111111111111111111111111111111111111111000000000000000000000000000000000000000000000000000000000000000000000000000000000000000000000000000000000000000000000000000000000000000000000000000000000000000000000000000000000000000000000000000000000000000000000000000000000000000000000000000000101010101000110000000000000011111100000000000000000000000000000000000000000000000000000000000000000000000000000000000000000000000000000000000000000000000000000000000000000000000000000000000000000000000000000000000000000000000000000000000000000000000000000000000000000000000000000000000000000000000000000000000000000000000000000000000000000000000000000000000000000000000000000000000000000000000000000000000000000000000000000000000000000000000000000111111111111111111111111111111111111111111111111111111111000000000000000000000000000000000000000000000000000000000000000000000000000000000000000000000-0020406080a0ccdefg0jkl0nop0rstjlnprtnnnnnnpppppprrssNOPQ---------------------------------------------------------------------------------------------000000000000000000000000000000000000000000000000000000000000000000000000000000000000000000000000000000000000000000000000000000000000000000000000000000------------------------------------------------------------------------------------------------------------------------------------------------------;1.0;0.13861111111111113;0.11208182019637392;0.9753155608667715;0.9894117006434148;0.04187960780008474;0.5428833001029593;0.13861111111111113;0.13861111111111113;-1;111111111111111111111111111111111111111111111111111111111000000000000000000000000000000000000000000000000000000000000000000000000000000000000000000000000000000000000000000000000000000000000000000000000000000000000000000000000000000000000000000000000000000000000000000000000000000000000000000000000000000101010101000110000000000000011111100000000000000000000000000000000000000000000000000000000000000000000000000000000000000000000000000000000000000000000000000000000000000000000000000000000000000000000000000000000000000000000000000000000000000000000000000000000000000000000000000000000000000000000000000000000000000000000000000000000000000000000000000000000000000000000000000000000000000000000000000000000000000000000000000000000000000000000000000000111111111111111111111111111111111111111111111111111111111000000000000000000000000000000000000000000000000000000000000000000000000000000000000000000000-0020406080a0ccdefg0jkl0nop0rstjlnprtnnnnnnpppppprrssNOPQ---------------------------------------------------------------------------------------------000000000000000000000000000000000000000000000000000000000000000000000000000000000000000000000000000000000000000000000000000000000000000000000000000000------------------------------------------------------------------------------------------------------------------------------------------------------
_SEEDS_111111111111111111111111111111111111111111111111111111111000000000000000000000000000000000000000000000000000000000000000000000000000000000000000000000000000000000000000000000000000000000000000000000000000000000000000000000000000000000000000000000000000000000000000000000000000000000000000000000000000000101010101000110000000000000011111100000000000000000000000000000000000000000000000000000000000000000000000000000000000000000000000000000000000000000000000000000000000000000000000000000000000000000000000000000000000000000000000000000000000000000000000000000000000000000000000000000000000000000000000000000000000000000000000000000000000000000000000000000000000000000000000000000000000000000000000000000000000000000000000000000000000000000000000000000111111111111111111111111111111111111111111111111111111111000000000000000000000000000000000000000000000000000000000000000000000000000000000000000000000-0020406080a0ccdefg0jkl0nop0rstjlnprtnnnnnnpppppprrssNOPQ---------------------------------------------------------------------------------------------000000000000000000000000000000000000000000000000000000000000000000000000000000000000000000000000000000000000000000000000000000000000000000000000000000------------------------------------------------------------------------------------------------------------------------------------------------------;1.0;0.1340079365079363;0.0842575649970061;0.9782847453416355;0.9933242166523047;0.040012835131972825;0.5383145497718093;0.1340079365079363;0.1340079365079363;-1;111111111111111111111111111111111111111111111111111111111000000000000000000000000000000000000000000000000000000000000000000000000000000000000000000000000000000000000000000000000000000000000000000000000000000000000000000000000000000000000000000000000000000000000000000000000000000000000000000000000000000101010101000110000000000000011111100000000000000000000000000000000000000000000000000000000000000000000000000000000000000000000000000000000000000000000000000000000000000000000000000000000000000000000000000000000000000000000000000000000000000000000000000000000000000000000000000000000000000000000000000000000000000000000000000000000000000000000000000000000000000000000000000000000000000000000000000000000000000000000000000000000000000000000000000000111111111111111111111111111111111111111111111111111111111000000000000000000000000000000000000000000000000000000000000000000000000000000000000000000000-0020406080a0ccdefg0jkl0nop0rstjlnprtnnnnnnpppppprrssNOPQ---------------------------------------------------------------------------------------------000000000000000000000000000000000000000000000000000000000000000000000000000000000000000000000000000000000000000000000000000000000000000000000000000000------------------------------------------------------------------------------------------------------------------------------------------------------
_SEEDS_111111111111111111111111111111111111111111111111111111111000000000000000000000000000000000000000000000000000000000000000000000000000000000000000000000000000000000000000000000000000000000000000000000000000000000000000000000000000000000000000000000000000000000000000000000000000000000000000000000000000000101010101000110000000000000011111100000000000000000000000000000000000000000000000000000000000000000000000000000000000000000000000000000000000000000000000000000000000000000000000000000000000000000000000000000000000000000000000000000000000000000000000000000000000000000000000000000000000000000000000000000000000000000000000000000000000000000000000000000000000000000000000000000000000000000000000000000000000000000000000000000000000000000000000000000111111111111111111111111111111111111111111111111111111111000000000000000000000000000000000000000000000000000000000000000000000000000000000000000000000-0020406080a0ccdefg0jkl0nop0rstjlnprtnnnnnnpppppprrssNOPQ---------------------------------------------------------------------------------------------000000000000000000000000000000000000000000000000000000000000000000000000000000000000000000000000000000000000000000000000000000000000000000000000000000------------------------------------------------------------------------------------------------------------------------------------------------------;1.0;0.1346031746031745;0.0717494572192583;0.9800208669383814;0.9947084613415259;0.04873035910975157;0.5383020532020153;0.1346031746031745;0.1346031746031745;-1;111111111111111111111111111111111111111111111111111111111000000000000000000000000000000000000000000000000000000000000000000000000000000000000000000000000000000000000000000000000000000000000000000000000000000000000000000000000000000000000000000000000000000000000000000000000000000000000000000000000000000101010101000110000000000000011111100000000000000000000000000000000000000000000000000000000000000000000000000000000000000000000000000000000000000000000000000000000000000000000000000000000000000000000000000000000000000000000000000000000000000000000000000000000000000000000000000000000000000000000000000000000000000000000000000000000000000000000000000000000000000000000000000000000000000000000000000000000000000000000000000000000000000000000000000000111111111111111111111111111111111111111111111111111111111000000000000000000000000000000000000000000000000000000000000000000000000000000000000000000000-0020406080a0ccdefg0jkl0nop0rstjlnprtnnnnnnpppppprrssNOPQ---------------------------------------------------------------------------------------------000000000000000000000000000000000000000000000000000000000000000000000000000000000000000000000000000000000000000000000000000000000000000000000000000000------------------------------------------------------------------------------------------------------------------------------------------------------
_SEEDS_111111111111111111111111111111111111111111111111111111111000000000000000000000000000000000000000000000000000000000000000000000000000000000000000000000000000000000000000000000000000000000000000000000000000000000000000000000000000000000000000000000000000000000000000000000000000000000000000000000000000000101010101000110000000000000011111100000000000000000000000000000000000000000000000000000000000000000000000000000000000000000000000000000000000000000000000000000000000000000000000000000000000000000000000000000000000000000000000000000000000000000000000000000000000000000000000000000000000000000000000000000000000000000000000000000000000000000000000000000000000000000000000000000000000000000000000000000000000000000000000000000000000000000000000000000111111111111111111111111111111111111111111111111111111111000000000000000000000000000000000000000000000000000000000000000000000000000000000000000000000-0020406080a0ccdefg0jkl0nop0rstjlnprtnnnnnnpppppprrssNOPQ---------------------------------------------------------------------------------------------000000000000000000000000000000000000000000000000000000000000000000000000000000000000000000000000000000000000000000000000000000000000000000000000000000------------------------------------------------------------------------------------------------------------------------------------------------------;1.0;0.1358730158730158;0.0670149136617727;0.9804577980651408;0.9955040347388434;0.03951760263837553;0.5363945608295247;0.1358730158730158;0.1358730158730158;-1;111111111111111111111111111111111111111111111111111111111000000000000000000000000000000000000000000000000000000000000000000000000000000000000000000000000000000000000000000000000000000000000000000000000000000000000000000000000000000000000000000000000000000000000000000000000000000000000000000000000000000101010101000110000000000000011111100000000000000000000000000000000000000000000000000000000000000000000000000000000000000000000000000000000000000000000000000000000000000000000000000000000000000000000000000000000000000000000000000000000000000000000000000000000000000000000000000000000000000000000000000000000000000000000000000000000000000000000000000000000000000000000000000000000000000000000000000000000000000000000000000000000000000000000000000000111111111111111111111111111111111111111111111111111111111000000000000000000000000000000000000000000000000000000000000000000000000000000000000000000000-0020406080a0ccdefg0jkl0nop0rstjlnprtnnnnnnpppppprrssNOPQ---------------------------------------------------------------------------------------------000000000000000000000000000000000000000000000000000000000000000000000000000000000000000000000000000000000000000000000000000000000000000000000000000000------------------------------------------------------------------------------------------------------------------------------------------------------
_SEEDS_111111111111111111111111111111111111111111111111111111111000000000000000000000000000000000000000000000000000000000000000000000000000000000000000000000000000000000000000000000000000000000000000000000000000000000000000000000000000000000000000000000000000000000000000000000000000000000000000000000000000000101010101000110000000000000011111100000000000000000000000000000000000000000000000000000000000000000000000000000000000000000000000000000000000000000000000000000000000000000000000000000000000000000000000000000000000000000000000000000000000000000000000000000000000000000000000000000000000000000000000000000000000000000000000000000000000000000000000000000000000000000000000000000000000000000000000000000000000000000000000000000000000000000000000000000111111111111111111111111111111111111111111111111111111111000000000000000000000000000000000000000000000000000000000000000000000000000000000000000000000-0020406080a0ccdefg0jkl0nop0rstjlnprtnnnnnnpppppprrssNOPQ---------------------------------------------------------------------------------------------000000000000000000000000000000000000000000000000000000000000000000000000000000000000000000000000000000000000000000000000000000000000000000000000000000------------------------------------------------------------------------------------------------------------------------------------------------------;1.0;0.13682539682539663;0.04307542294378619;0.9797249718921587;0.9959953209363123;0.03343237267189392;0.5315089142115913;0.13682539682539663;0.13682539682539663;-1;111111111111111111111111111111111111111111111111111111111000000000000000000000000000000000000000000000000000000000000000000000000000000000000000000000000000000000000000000000000000000000000000000000000000000000000000000000000000000000000000000000000000000000000000000000000000000000000000000000000000000101010101000110000000000000011111100000000000000000000000000000000000000000000000000000000000000000000000000000000000000000000000000000000000000000000000000000000000000000000000000000000000000000000000000000000000000000000000000000000000000000000000000000000000000000000000000000000000000000000000000000000000000000000000000000000000000000000000000000000000000000000000000000000000000000000000000000000000000000000000000000000000000000000000000000111111111111111111111111111111111111111111111111111111111000000000000000000000000000000000000000000000000000000000000000000000000000000000000000000000-0020406080a0ccdefg0jkl0nop0rstjlnprtnnnnnnpppppprrssNOPQ---------------------------------------------------------------------------------------------000000000000000000000000000000000000000000000000000000000000000000000000000000000000000000000000000000000000000000000000000000000000000000000000000000------------------------------------------------------------------------------------------------------------------------------------------------------
_SEEDS_111111111111111111111111111111111111111111111111111111111000000000000000000000000000000000000000000000000000000000000000000000000000000000000000000000000000000000000000000000000000000000000000000000000000000000000000000000000000000000000000000000000000000000000000000000000000000000000000000000000000000101010101000110000000000000011111100000000000000000000000000000000000000000000000000000000000000000000000000000000000000000000000000000000000000000000000000000000000000000000000000000000000000000000000000000000000000000000000000000000000000000000000000000000000000000000000000000000000000000000000000000000000000000000000000000000000000000000000000000000000000000000000000000000000000000000000000000000000000000000000000000000000000000000000000000111111111111111111111111111111111111111111111111111111111000000000000000000000000000000000000000000000000000000000000000000000000000000000000000000000-0020406080a0ccdefg0jkl0nop0rstjlnprtnnnnnnpppppprrssNOPQ---------------------------------------------------------------------------------------------000000000000000000000000000000000000000000000000000000000000000000000000000000000000000000000000000000000000000000000000000000000000000000000000000000------------------------------------------------------------------------------------------------------------------------------------------------------;1.0;0.13541666666666663;0.0172619047619047;0.9776035425253908;0.994384707287933;0.03649504534669769;0.5268603110980988;0.13541666666666663;0.13541666666666663;-1;111111111111111111111111111111111111111111111111111111111000000000000000000000000000000000000000000000000000000000000000000000000000000000000000000000000000000000000000000000000000000000000000000000000000000000000000000000000000000000000000000000000000000000000000000000000000000000000000000000000000000101010101000110000000000000011111100000000000000000000000000000000000000000000000000000000000000000000000000000000000000000000000000000000000000000000000000000000000000000000000000000000000000000000000000000000000000000000000000000000000000000000000000000000000000000000000000000000000000000000000000000000000000000000000000000000000000000000000000000000000000000000000000000000000000000000000000000000000000000000000000000000000000000000000000000111111111111111111111111111111111111111111111111111111111000000000000000000000000000000000000000000000000000000000000000000000000000000000000000000000-0020406080a0ccdefg0jkl0nop0rstjlnprtnnnnnnpppppprrssNOPQ---------------------------------------------------------------------------------------------000000000000000000000000000000000000000000000000000000000000000000000000000000000000000000000000000000000000000000000000000000000000000000000000000000------------------------------------------------------------------------------------------------------------------------------------------------------
_SEEDS_111111111111111111111111111111111111111111111111111111111000000000000000000000000000000000000000000000000000000000000000000000000000000000000000000000000000000000000000000000000000000000000000000000000000000000000000000000000000000000000000000000000000000000000000000000000000000000000000000000000000000101010101000110000000000000011111100000000000000000000000000000000000000000000000000000000000000000000000000000000000000000000000000000000000000000000000000000000000000000000000000000000000000000000000000000000000000000000000000000000000000000000000000000000000000000000000000000000000000000000000000000000000000000000000000000000000000000000000000000000000000000000000000000000000000000000000000000000000000000000000000000000000000000000000000000111111111111111111111111111111111111111111111111111111111000000000000000000000000000000000000000000000000000000000000000000000000000000000000000000000-0020406080a0ccdefg0jkl0nop0rstjlnprtnnnnnnpppppprrssNOPQ---------------------------------------------------------------------------------------------000000000000000000000000000000000000000000000000000000000000000000000000000000000000000000000000000000000000000000000000000000000000000000000000000000------------------------------------------------------------------------------------------------------------------------------------------------------;1.0;0.14176587301587296;0.048838647691106685;0.9793537818580663;0.9946492575524833;0.04342901640435005;0.5346727627536465;0.14176587301587296;0.14176587301587296;-1;111111111111111111111111111111111111111111111111111111111000000000000000000000000000000000000000000000000000000000000000000000000000000000000000000000000000000000000000000000000000000000000000000000000000000000000000000000000000000000000000000000000000000000000000000000000000000000000000000000000000000101010101000110000000000000011111100000000000000000000000000000000000000000000000000000000000000000000000000000000000000000000000000000000000000000000000000000000000000000000000000000000000000000000000000000000000000000000000000000000000000000000000000000000000000000000000000000000000000000000000000000000000000000000000000000000000000000000000000000000000000000000000000000000000000000000000000000000000000000000000000000000000000000000000000000111111111111111111111111111111111111111111111111111111111000000000000000000000000000000000000000000000000000000000000000000000000000000000000000000000-0020406080a0ccdefg0jkl0nop0rstjlnprtnnnnnnpppppprrssNOPQ---------------------------------------------------------------------------------------------000000000000000000000000000000000000000000000000000000000000000000000000000000000000000000000000000000000000000000000000000000000000000000000000000000------------------------------------------------------------------------------------------------------------------------------------------------------
_SEEDS_111111111111111111111111111111111111111111111111111111111000000000000000000000000000000000000000000000000000000000000000000000000000000000000000000000000000000000000000000000000000000000000000000000000000000000000000000000000000000000000000000000000000000000000000000000000000000000000000000000000000000101010101000110000000000000011111100000000000000000000000000000000000000000000000000000000000000000000000000000000000000000000000000000000000000000000000000000000000000000000000000000000000000000000000000000000000000000000000000000000000000000000000000000000000000000000000000000000000000000000000000000000000000000000000000000000000000000000000000000000000000000000000000000000000000000000000000000000000000000000000000000000000000000000000000000111111111111111111111111111111111111111111111111111111111000000000000000000000000000000000000000000000000000000000000000000000000000000000000000000000-0020406080a0ccdefg0jkl0nop0rstjlnprtnnnnnnpppppprrssNOPQ---------------------------------------------------------------------------------------------000000000000000000000000000000000000000000000000000000000000000000000000000000000000000000000000000000000000000000000000000000000000000000000000000000------------------------------------------------------------------------------------------------------------------------------------------------------;1.0;0.13702380952380944;0.0582577290250087;0.9771965329154417;0.9925579237071173;0.0399949569876112;0.5341718253598313;0.13702380952380944;0.13702380952380944;-1;111111111111111111111111111111111111111111111111111111111000000000000000000000000000000000000000000000000000000000000000000000000000000000000000000000000000000000000000000000000000000000000000000000000000000000000000000000000000000000000000000000000000000000000000000000000000000000000000000000000000000101010101000110000000000000011111100000000000000000000000000000000000000000000000000000000000000000000000000000000000000000000000000000000000000000000000000000000000000000000000000000000000000000000000000000000000000000000000000000000000000000000000000000000000000000000000000000000000000000000000000000000000000000000000000000000000000000000000000000000000000000000000000000000000000000000000000000000000000000000000000000000000000000000000000000111111111111111111111111111111111111111111111111111111111000000000000000000000000000000000000000000000000000000000000000000000000000000000000000000000-0020406080a0ccdefg0jkl0nop0rstjlnprtnnnnnnpppppprrssNOPQ---------------------------------------------------------------------------------------------000000000000000000000000000000000000000000000000000000000000000000000000000000000000000000000000000000000000000000000000000000000000000000000000000000------------------------------------------------------------------------------------------------------------------------------------------------------
_SEEDS_111111111111111111111111111111111111111111111111111111111000000000000000000000000000000000000000000000000000000000000000000000000000000000000000000000000000000000000000000000000000000000000000000000000000000000000000000000000000000000000000000000000000000000000000000000000000000000000000000000000000000101010101000110000000000000011111100000000000000000000000000000000000000000000000000000000000000000000000000000000000000000000000000000000000000000000000000000000000000000000000000000000000000000000000000000000000000000000000000000000000000000000000000000000000000000000000000000000000000000000000000000000000000000000000000000000000000000000000000000000000000000000000000000000000000000000000000000000000000000000000000000000000000000000000000000111111111111111111111111111111111111111111111111111111111000000000000000000000000000000000000000000000000000000000000000000000000000000000000000000000-0020406080a0ccdefg0jkl0nop0rstjlnprtnnnnnnpppppprrssNOPQ---------------------------------------------------------------------------------------------000000000000000000000000000000000000000000000000000000000000000000000000000000000000000000000000000000000000000000000000000000000000000000000000000000------------------------------------------------------------------------------------------------------------------------------------------------------;1.0;0.13452380952380938;0.019291338582677175;0.9743687819921161;0.9917369150650032;0.04272580277975277;0.5271077746572265;0.13452380952380938;0.13452380952380938;-1;111111111111111111111111111111111111111111111111111111111000000000000000000000000000000000000000000000000000000000000000000000000000000000000000000000000000000000000000000000000000000000000000000000000000000000000000000000000000000000000000000000000000000000000000000000000000000000000000000000000000000101010101000110000000000000011111100000000000000000000000000000000000000000000000000000000000000000000000000000000000000000000000000000000000000000000000000000000000000000000000000000000000000000000000000000000000000000000000000000000000000000000000000000000000000000000000000000000000000000000000000000000000000000000000000000000000000000000000000000000000000000000000000000000000000000000000000000000000000000000000000000000000000000000000000000111111111111111111111111111111111111111111111111111111111000000000000000000000000000000000000000000000000000000000000000000000000000000000000000000000-0020406080a0ccdefg0jkl0nop0rstjlnprtnnnnnnpppppprrssNOPQ---------------------------------------------------------------------------------------------000000000000000000000000000000000000000000000000000000000000000000000000000000000000000000000000000000000000000000000000000000000000000000000000000000------------------------------------------------------------------------------------------------------------------------------------------------------
_SEEDS_111111111111111111111111111111111111111111111111111111111000000000000000000000000000000000000000000000000000000000000000000000000000000000000000000000000000000000000000000000000000000000000000000000000000000000000000000000000000000000000000000000000000000000000000000000000000000000000000000000000000000101010101000110000000000000011111100000000000000000000000000000000000000000000000000000000000000000000000000000000000000000000000000000000000000000000000000000000000000000000000000000000000000000000000000000000000000000000000000000000000000000000000000000000000000000000000000000000000000000000000000000000000000000000000000000000000000000000000000000000000000000000000000000000000000000000000000000000000000000000000000000000000000000000000000000111111111111111111111111111111111111111111111111111111111000000000000000000000000000000000000000000000000000000000000000000000000000000000000000000000-0020406080a0ccdefg0jkl0nop0rstjlnprtnnnnnnpppppprrssNOPQ---------------------------------------------------------------------------------------------000000000000000000000000000000000000000000000000000000000000000000000000000000000000000000000000000000000000000000000000000000000000000000000000000000------------------------------------------------------------------------------------------------------------------------------------------------------;1.0;0.13525793650793672;0.03927391127391133;0.9795192168090571;0.9959664618535586;0.04840453301468457;0.5330703432431914;0.13525793650793672;0.13525793650793672;-1;111111111111111111111111111111111111111111111111111111111000000000000000000000000000000000000000000000000000000000000000000000000000000000000000000000000000000000000000000000000000000000000000000000000000000000000000000000000000000000000000000000000000000000000000000000000000000000000000000000000000000101010101000110000000000000011111100000000000000000000000000000000000000000000000000000000000000000000000000000000000000000000000000000000000000000000000000000000000000000000000000000000000000000000000000000000000000000000000000000000000000000000000000000000000000000000000000000000000000000000000000000000000000000000000000000000000000000000000000000000000000000000000000000000000000000000000000000000000000000000000000000000000000000000000000000111111111111111111111111111111111111111111111111111111111000000000000000000000000000000000000000000000000000000000000000000000000000000000000000000000-0020406080a0ccdefg0jkl0nop0rstjlnprtnnnnnnpppppprrssNOPQ---------------------------------------------------------------------------------------------000000000000000000000000000000000000000000000000000000000000000000000000000000000000000000000000000000000000000000000000000000000000000000000000000000------------------------------------------------------------------------------------------------------------------------------------------------------
_SEEDS_111111111111111111111111111111111111111111111111111111111000000000000000000000000000000000000000000000000000000000000000000000000000000000000000000000000000000000000000000000000000000000000000000000000000000000000000000000000000000000000000000000000000000000000000000000000000000000000000000000000000000101010101000110000000000000011111100000000000000000000000000000000000000000000000000000000000000000000000000000000000000000000000000000000000000000000000000000000000000000000000000000000000000000000000000000000000000000000000000000000000000000000000000000000000000000000000000000000000000000000000000000000000000000000000000000000000000000000000000000000000000000000000000000000000000000000000000000000000000000000000000000000000000000000000000000111111111111111111111111111111111111111111111111111111111000000000000000000000000000000000000000000000000000000000000000000000000000000000000000000000-0020406080a0ccdefg0jkl0nop0rstjlnprtnnnnnnpppppprrssNOPQ---------------------------------------------------------------------------------------------000000000000000000000000000000000000000000000000000000000000000000000000000000000000000000000000000000000000000000000000000000000000000000000000000000------------------------------------------------------------------------------------------------------------------------------------------------------;1.0;0.13833333333333342;0.0;0.9784286956040364;0.995715992490186;0.039939285066866614;0.5254028844157371;0.13833333333333342;0.13833333333333342;-1;111111111111111111111111111111111111111111111111111111111000000000000000000000000000000000000000000000000000000000000000000000000000000000000000000000000000000000000000000000000000000000000000000000000000000000000000000000000000000000000000000000000000000000000000000000000000000000000000000000000000000101010101000110000000000000011111100000000000000000000000000000000000000000000000000000000000000000000000000000000000000000000000000000000000000000000000000000000000000000000000000000000000000000000000000000000000000000000000000000000000000000000000000000000000000000000000000000000000000000000000000000000000000000000000000000000000000000000000000000000000000000000000000000000000000000000000000000000000000000000000000000000000000000000000000000111111111111111111111111111111111111111111111111111111111000000000000000000000000000000000000000000000000000000000000000000000000000000000000000000000-0020406080a0ccdefg0jkl0nop0rstjlnprtnnnnnnpppppprrssNOPQ---------------------------------------------------------------------------------------------000000000000000000000000000000000000000000000000000000000000000000000000000000000000000000000000000000000000000000000000000000000000000000000000000000------------------------------------------------------------------------------------------------------------------------------------------------------
_SEEDS_111111111111111111111111111111111111111111111111111111111000000000000000000000000000000000000000000000000000000000000000000000000000000000000000000000000000000000000000000000000000000000000000000000000000000000000000000000000000000000000000000000000000000000000000000000000000000000000000000000000000000101010101000110000000000000011111100000000000000000000000000000000000000000000000000000000000000000000000000000000000000000000000000000000000000000000000000000000000000000000000000000000000000000000000000000000000000000000000000000000000000000000000000000000000000000000000000000000000000000000000000000000000000000000000000000000000000000000000000000000000000000000000000000000000000000000000000000000000000000000000000000000000000000000000000000111111111111111111111111111111111111111111111111111111111000000000000000000000000000000000000000000000000000000000000000000000000000000000000000000000-0020406080a0ccdefg0jkl0nop0rstjlnprtnnnnnnpppppprrssNOPQ---------------------------------------------------------------------------------------------000000000000000000000000000000000000000000000000000000000000000000000000000000000000000000000000000000000000000000000000000000000000000000000000000000------------------------------------------------------------------------------------------------------------------------------------------------------;1.0;0.13136904761904755;0.020874316939890725;0.9769586522500886;0.9943572593774207;0.04585204537692241;0.5282352202605617;0.13136904761904755;0.13136904761904755;-1;111111111111111111111111111111111111111111111111111111111000000000000000000000000000000000000000000000000000000000000000000000000000000000000000000000000000000000000000000000000000000000000000000000000000000000000000000000000000000000000000000000000000000000000000000000000000000000000000000000000000000101010101000110000000000000011111100000000000000000000000000000000000000000000000000000000000000000000000000000000000000000000000000000000000000000000000000000000000000000000000000000000000000000000000000000000000000000000000000000000000000000000000000000000000000000000000000000000000000000000000000000000000000000000000000000000000000000000000000000000000000000000000000000000000000000000000000000000000000000000000000000000000000000000000000000111111111111111111111111111111111111111111111111111111111000000000000000000000000000000000000000000000000000000000000000000000000000000000000000000000-0020406080a0ccdefg0jkl0nop0rstjlnprtnnnnnnpppppprrssNOPQ---------------------------------------------------------------------------------------------000000000000000000000000000000000000000000000000000000000000000000000000000000000000000000000000000000000000000000000000000000000000000000000000000000------------------------------------------------------------------------------------------------------------------------------------------------------
_SEEDS_111111111111111111111111111111111111111111111111111111111000000000000000000000000000000000000000000000000000000000000000000000000000000000000000000000000000000000000000000000000000000000000000000000000000000000000000000000000000000000000000000000000000000000000000000000000000000000000000000000000000000101010101000110000000000000011111100000000000000000000000000000000000000000000000000000000000000000000000000000000000000000000000000000000000000000000000000000000000000000000000000000000000000000000000000000000000000000000000000000000000000000000000000000000000000000000000000000000000000000000000000000000000000000000000000000000000000000000000000000000000000000000000000000000000000000000000000000000000000000000000000000000000000000000000000000111111111111111111111111111111111111111111111111111111111000000000000000000000000000000000000000000000000000000000000000000000000000000000000000000000-0020406080a0ccdefg0jkl0nop0rstjlnprtnnnnnnpppppprrssNOPQ---------------------------------------------------------------------------------------------000000000000000000000000000000000000000000000000000000000000000000000000000000000000000000000000000000000000000000000000000000000000000000000000000000------------------------------------------------------------------------------------------------------------------------------------------------------;1.0;0.13898809523809486;0.04187359068875662;0.976624971423797;0.9925072537975764;0.0356952612569316;0.5309481954008595;0.13898809523809486;0.13898809523809486;-1;111111111111111111111111111111111111111111111111111111111000000000000000000000000000000000000000000000000000000000000000000000000000000000000000000000000000000000000000000000000000000000000000000000000000000000000000000000000000000000000000000000000000000000000000000000000000000000000000000000000000000101010101000110000000000000011111100000000000000000000000000000000000000000000000000000000000000000000000000000000000000000000000000000000000000000000000000000000000000000000000000000000000000000000000000000000000000000000000000000000000000000000000000000000000000000000000000000000000000000000000000000000000000000000000000000000000000000000000000000000000000000000000000000000000000000000000000000000000000000000000000000000000000000000000000000111111111111111111111111111111111111111111111111111111111000000000000000000000000000000000000000000000000000000000000000000000000000000000000000000000-0020406080a0ccdefg0jkl0nop0rstjlnprtnnnnnnpppppprrssNOPQ---------------------------------------------------------------------------------------------000000000000000000000000000000000000000000000000000000000000000000000000000000000000000000000000000000000000000000000000000000000000000000000000000000------------------------------------------------------------------------------------------------------------------------------------------------------
_SEEDS_111111111111111111111111111111111111111111111111111111111000000000000000000000000000000000000000000000000000000000000000000000000000000000000000000000000000000000000000000000000000000000000000000000000000000000000000000000000000000000000000000000000000000000000000000000000000000000000000000000000000000101010101000110000000000000011111100000000000000000000000000000000000000000000000000000000000000000000000000000000000000000000000000000000000000000000000000000000000000000000000000000000000000000000000000000000000000000000000000000000000000000000000000000000000000000000000000000000000000000000000000000000000000000000000000000000000000000000000000000000000000000000000000000000000000000000000000000000000000000000000000000000000000000000000000000111111111111111111111111111111111111111111111111111111111000000000000000000000000000000000000000000000000000000000000000000000000000000000000000000000-0020406080a0ccdefg0jkl0nop0rstjlnprtnnnnnnpppppprrssNOPQ---------------------------------------------------------------------------------------------000000000000000000000000000000000000000000000000000000000000000000000000000000000000000000000000000000000000000000000000000000000000000000000000000000------------------------------------------------------------------------------------------------------------------------------------------------------;1.0;0.13811507936507939;0.07116923870099845;0.9805132577956586;0.9951954258405872;0.04888375646816612;0.5389794596950815;0.13811507936507939;0.13811507936507939;-1;111111111111111111111111111111111111111111111111111111111000000000000000000000000000000000000000000000000000000000000000000000000000000000000000000000000000000000000000000000000000000000000000000000000000000000000000000000000000000000000000000000000000000000000000000000000000000000000000000000000000000101010101000110000000000000011111100000000000000000000000000000000000000000000000000000000000000000000000000000000000000000000000000000000000000000000000000000000000000000000000000000000000000000000000000000000000000000000000000000000000000000000000000000000000000000000000000000000000000000000000000000000000000000000000000000000000000000000000000000000000000000000000000000000000000000000000000000000000000000000000000000000000000000000000000000111111111111111111111111111111111111111111111111111111111000000000000000000000000000000000000000000000000000000000000000000000000000000000000000000000-0020406080a0ccdefg0jkl0nop0rstjlnprtnnnnnnpppppprrssNOPQ---------------------------------------------------------------------------------------------000000000000000000000000000000000000000000000000000000000000000000000000000000000000000000000000000000000000000000000000000000000000000000000000000000------------------------------------------------------------------------------------------------------------------------------------------------------
_SEEDS_111111111111111111111111111111111111111111111111111111111000000000000000000000000000000000000000000000000000000000000000000000000000000000000000000000000000000000000000000000000000000000000000000000000000000000000000000000000000000000000000000000000000000000000000000000000000000000000000000000000000000101010101000110000000000000011111100000000000000000000000000000000000000000000000000000000000000000000000000000000000000000000000000000000000000000000000000000000000000000000000000000000000000000000000000000000000000000000000000000000000000000000000000000000000000000000000000000000000000000000000000000000000000000000000000000000000000000000000000000000000000000000000000000000000000000000000000000000000000000000000000000000000000000000000000000111111111111111111111111111111111111111111111111111111111000000000000000000000000000000000000000000000000000000000000000000000000000000000000000000000-0020406080a0ccdefg0jkl0nop0rstjlnprtnnnnnnpppppprrssNOPQ---------------------------------------------------------------------------------------------000000000000000000000000000000000000000000000000000000000000000000000000000000000000000000000000000000000000000000000000000000000000000000000000000000------------------------------------------------------------------------------------------------------------------------------------------------------;1.0;0.1336706349206349;0.015813953488372112;0.9786260139625368;0.9956976118266441;0.041474809653739286;0.5275471706419878;0.1336706349206349;0.1336706349206349;-1;111111111111111111111111111111111111111111111111111111111000000000000000000000000000000000000000000000000000000000000000000000000000000000000000000000000000000000000000000000000000000000000000000000000000000000000000000000000000000000000000000000000000000000000000000000000000000000000000000000000000000101010101000110000000000000011111100000000000000000000000000000000000000000000000000000000000000000000000000000000000000000000000000000000000000000000000000000000000000000000000000000000000000000000000000000000000000000000000000000000000000000000000000000000000000000000000000000000000000000000000000000000000000000000000000000000000000000000000000000000000000000000000000000000000000000000000000000000000000000000000000000000000000000000000000000111111111111111111111111111111111111111111111111111111111000000000000000000000000000000000000000000000000000000000000000000000000000000000000000000000-0020406080a0ccdefg0jkl0nop0rstjlnprtnnnnnnpppppprrssNOPQ---------------------------------------------------------------------------------------------000000000000000000000000000000000000000000000000000000000000000000000000000000000000000000000000000000000000000000000000000000000000000000000000000000------------------------------------------------------------------------------------------------------------------------------------------------------
_SEEDS_111111111111111111111111111111111111111111111111111111111000000000000000000000000000000000000000000000000000000000000000000000000000000000000000000000000000000000000000000000000000000000000000000000000000000000000000000000000000000000000000000000000000000000000000000000000000000000000000000000000000000101010101000110000000000000011111100000000000000000000000000000000000000000000000000000000000000000000000000000000000000000000000000000000000000000000000000000000000000000000000000000000000000000000000000000000000000000000000000000000000000000000000000000000000000000000000000000000000000000000000000000000000000000000000000000000000000000000000000000000000000000000000000000000000000000000000000000000000000000000000000000000000000000000000000000111111111111111111111111111111111111111111111111111111111000000000000000000000000000000000000000000000000000000000000000000000000000000000000000000000-0020406080a0ccdefg0jkl0nop0rstjlnprtnnnnnnpppppprrssNOPQ---------------------------------------------------------------------------------------------000000000000000000000000000000000000000000000000000000000000000000000000000000000000000000000000000000000000000000000000000000000000000000000000000000------------------------------------------------------------------------------------------------------------------------------------------------------;1.0;0.13402777777777763;0.07476871245159877;0.9788434240082825;0.9936081242532856;0.03781692834306015;0.5365108278056674;0.13402777777777763;0.13402777777777763;-1;111111111111111111111111111111111111111111111111111111111000000000000000000000000000000000000000000000000000000000000000000000000000000000000000000000000000000000000000000000000000000000000000000000000000000000000000000000000000000000000000000000000000000000000000000000000000000000000000000000000000000101010101000110000000000000011111100000000000000000000000000000000000000000000000000000000000000000000000000000000000000000000000000000000000000000000000000000000000000000000000000000000000000000000000000000000000000000000000000000000000000000000000000000000000000000000000000000000000000000000000000000000000000000000000000000000000000000000000000000000000000000000000000000000000000000000000000000000000000000000000000000000000000000000000000000111111111111111111111111111111111111111111111111111111111000000000000000000000000000000000000000000000000000000000000000000000000000000000000000000000-0020406080a0ccdefg0jkl0nop0rstjlnprtnnnnnnpppppprrssNOPQ---------------------------------------------------------------------------------------------000000000000000000000000000000000000000000000000000000000000000000000000000000000000000000000000000000000000000000000000000000000000000000000000000000------------------------------------------------------------------------------------------------------------------------------------------------------
_SEEDS_111111111111111111111111111111111111111111111111111111111000000000000000000000000000000000000000000000000000000000000000000000000000000000000000000000000000000000000000000000000000000000000000000000000000000000000000000000000000000000000000000000000000000000000000000000000000000000000000000000000000000101010101000110000000000000011111100000000000000000000000000000000000000000000000000000000000000000000000000000000000000000000000000000000000000000000000000000000000000000000000000000000000000000000000000000000000000000000000000000000000000000000000000000000000000000000000000000000000000000000000000000000000000000000000000000000000000000000000000000000000000000000000000000000000000000000000000000000000000000000000000000000000000000000000000000111111111111111111111111111111111111111111111111111111111000000000000000000000000000000000000000000000000000000000000000000000000000000000000000000000-0020406080a0ccdefg0jkl0nop0rstjlnprtnnnnnnpppppprrssNOPQ---------------------------------------------------------------------------------------------000000000000000000000000000000000000000000000000000000000000000000000000000000000000000000000000000000000000000000000000000000000000000000000000000000------------------------------------------------------------------------------------------------------------------------------------------------------;1.0;0.13396825396825396;0.02083333333333337;0.9765684273728654;0.9933265062297321;0.03643179291473172;0.5268547189698194;0.13396825396825396;0.13396825396825396;-1;111111111111111111111111111111111111111111111111111111111000000000000000000000000000000000000000000000000000000000000000000000000000000000000000000000000000000000000000000000000000000000000000000000000000000000000000000000000000000000000000000000000000000000000000000000000000000000000000000000000000000101010101000110000000000000011111100000000000000000000000000000000000000000000000000000000000000000000000000000000000000000000000000000000000000000000000000000000000000000000000000000000000000000000000000000000000000000000000000000000000000000000000000000000000000000000000000000000000000000000000000000000000000000000000000000000000000000000000000000000000000000000000000000000000000000000000000000000000000000000000000000000000000000000000000000111111111111111111111111111111111111111111111111111111111000000000000000000000000000000000000000000000000000000000000000000000000000000000000000000000-0020406080a0ccdefg0jkl0nop0rstjlnprtnnnnnnpppppprrssNOPQ---------------------------------------------------------------------------------------------000000000000000000000000000000000000000000000000000000000000000000000000000000000000000000000000000000000000000000000000000000000000000000000000000000------------------------------------------------------------------------------------------------------------------------------------------------------
_SEEDS_111111111111111111111111111111111111111111111111111111111000000000000000000000000000000000000000000000000000000000000000000000000000000000000000000000000000000000000000000000000000000000000000000000000000000000000000000000000000000000000000000000000000000000000000000000000000000000000000000000000000000101010101000110000000000000011111100000000000000000000000000000000000000000000000000000000000000000000000000000000000000000000000000000000000000000000000000000000000000000000000000000000000000000000000000000000000000000000000000000000000000000000000000000000000000000000000000000000000000000000000000000000000000000000000000000000000000000000000000000000000000000000000000000000000000000000000000000000000000000000000000000000000000000000000000000111111111111111111111111111111111111111111111111111111111000000000000000000000000000000000000000000000000000000000000000000000000000000000000000000000-0020406080a0ccdefg0jkl0nop0rstjlnprtnnnnnnpppppprrssNOPQ---------------------------------------------------------------------------------------------000000000000000000000000000000000000000000000000000000000000000000000000000000000000000000000000000000000000000000000000000000000000000000000000000000------------------------------------------------------------------------------------------------------------------------------------------------------;1.0;0.13914682539682555;0.02901497241922779;0.9779023365070634;0.9943824177105058;0.038593624511946076;0.5298400294242614;0.13914682539682555;0.13914682539682555;-1;111111111111111111111111111111111111111111111111111111111000000000000000000000000000000000000000000000000000000000000000000000000000000000000000000000000000000000000000000000000000000000000000000000000000000000000000000000000000000000000000000000000000000000000000000000000000000000000000000000000000000101010101000110000000000000011111100000000000000000000000000000000000000000000000000000000000000000000000000000000000000000000000000000000000000000000000000000000000000000000000000000000000000000000000000000000000000000000000000000000000000000000000000000000000000000000000000000000000000000000000000000000000000000000000000000000000000000000000000000000000000000000000000000000000000000000000000000000000000000000000000000000000000000000000000000111111111111111111111111111111111111111111111111111111111000000000000000000000000000000000000000000000000000000000000000000000000000000000000000000000-0020406080a0ccdefg0jkl0nop0rstjlnprtnnnnnnpppppprrssNOPQ---------------------------------------------------------------------------------------------000000000000000000000000000000000000000000000000000000000000000000000000000000000000000000000000000000000000000000000000000000000000000000000000000000------------------------------------------------------------------------------------------------------------------------------------------------------
_SEEDS_111111111111111111111111111111111111111111111111111111111000000000000000000000000000000000000000000000000000000000000000000000000000000000000000000000000000000000000000000000000000000000000000000000000000000000000000000000000000000000000000000000000000000000000000000000000000000000000000000000000000000101010101000110000000000000011111100000000000000000000000000000000000000000000000000000000000000000000000000000000000000000000000000000000000000000000000000000000000000000000000000000000000000000000000000000000000000000000000000000000000000000000000000000000000000000000000000000000000000000000000000000000000000000000000000000000000000000000000000000000000000000000000000000000000000000000000000000000000000000000000000000000000000000000000000000111111111111111111111111111111111111111111111111111111111000000000000000000000000000000000000000000000000000000000000000000000000000000000000000000000-0020406080a0ccdefg0jkl0nop0rstjlnprtnnnnnnpppppprrssNOPQ---------------------------------------------------------------------------------------------000000000000000000000000000000000000000000000000000000000000000000000000000000000000000000000000000000000000000000000000000000000000000000000000000000------------------------------------------------------------------------------------------------------------------------------------------------------;1.0;0.13140873015873022;0.082721345605961;0.9818703430325433;0.9968083290663936;0.054270442933243526;0.541179865132812;0.13140873015873022;0.13140873015873022;-1;111111111111111111111111111111111111111111111111111111111000000000000000000000000000000000000000000000000000000000000000000000000000000000000000000000000000000000000000000000000000000000000000000000000000000000000000000000000000000000000000000000000000000000000000000000000000000000000000000000000000000101010101000110000000000000011111100000000000000000000000000000000000000000000000000000000000000000000000000000000000000000000000000000000000000000000000000000000000000000000000000000000000000000000000000000000000000000000000000000000000000000000000000000000000000000000000000000000000000000000000000000000000000000000000000000000000000000000000000000000000000000000000000000000000000000000000000000000000000000000000000000000000000000000000000000111111111111111111111111111111111111111111111111111111111000000000000000000000000000000000000000000000000000000000000000000000000000000000000000000000-0020406080a0ccdefg0jkl0nop0rstjlnprtnnnnnnpppppprrssNOPQ---------------------------------------------------------------------------------------------000000000000000000000000000000000000000000000000000000000000000000000000000000000000000000000000000000000000000000000000000000000000000000000000000000------------------------------------------------------------------------------------------------------------------------------------------------------
_SEEDS_111111111111111111111111111111111111111111111111111111111000000000000000000000000000000000000000000000000000000000000000000000000000000000000000000000000000000000000000000000000000000000000000000000000000000000000000000000000000000000000000000000000000000000000000000000000000000000000000000000000000000101010101000110000000000000011111100000000000000000000000000000000000000000000000000000000000000000000000000000000000000000000000000000000000000000000000000000000000000000000000000000000000000000000000000000000000000000000000000000000000000000000000000000000000000000000000000000000000000000000000000000000000000000000000000000000000000000000000000000000000000000000000000000000000000000000000000000000000000000000000000000000000000000000000000000111111111111111111111111111111111111111111111111111111111000000000000000000000000000000000000000000000000000000000000000000000000000000000000000000000-0020406080a0ccdefg0jkl0nop0rstjlnprtnnnnnnpppppprrssNOPQ---------------------------------------------------------------------------------------------000000000000000000000000000000000000000000000000000000000000000000000000000000000000000000000000000000000000000000000000000000000000000000000000000000------------------------------------------------------------------------------------------------------------------------------------------------------;1.0;0.13416666666666666;0.02232415902140672;0.9764193463335297;0.9932344301614251;0.04020960557632223;0.527725701293225;0.13416666666666666;0.13416666666666666;-1;111111111111111111111111111111111111111111111111111111111000000000000000000000000000000000000000000000000000000000000000000000000000000000000000000000000000000000000000000000000000000000000000000000000000000000000000000000000000000000000000000000000000000000000000000000000000000000000000000000000000000101010101000110000000000000011111100000000000000000000000000000000000000000000000000000000000000000000000000000000000000000000000000000000000000000000000000000000000000000000000000000000000000000000000000000000000000000000000000000000000000000000000000000000000000000000000000000000000000000000000000000000000000000000000000000000000000000000000000000000000000000000000000000000000000000000000000000000000000000000000000000000000000000000000000000111111111111111111111111111111111111111111111111111111111000000000000000000000000000000000000000000000000000000000000000000000000000000000000000000000-0020406080a0ccdefg0jkl0nop0rstjlnprtnnnnnnpppppprrssNOPQ---------------------------------------------------------------------------------------------000000000000000000000000000000000000000000000000000000000000000000000000000000000000000000000000000000000000000000000000000000000000000000000000000000------------------------------------------------------------------------------------------------------------------------------------------------------
_SEEDS_111111111111111111111111111111111111111111111111111111111000000000000000000000000000000000000000000000000000000000000000000000000000000000000000000000000000000000000000000000000000000000000000000000000000000000000000000000000000000000000000000000000000000000000000000000000000000000000000000000000000000101010101000110000000000000011111100000000000000000000000000000000000000000000000000000000000000000000000000000000000000000000000000000000000000000000000000000000000000000000000000000000000000000000000000000000000000000000000000000000000000000000000000000000000000000000000000000000000000000000000000000000000000000000000000000000000000000000000000000000000000000000000000000000000000000000000000000000000000000000000000000000000000000000000000000111111111111111111111111111111111111111111111111111111111000000000000000000000000000000000000000000000000000000000000000000000000000000000000000000000-0020406080a0ccdefg0jkl0nop0rstjlnprtnnnnnnpppppprrssNOPQ---------------------------------------------------------------------------------------------000000000000000000000000000000000000000000000000000000000000000000000000000000000000000000000000000000000000000000000000000000000000000000000000000000------------------------------------------------------------------------------------------------------------------------------------------------------;1.0;0.1339285714285714;0.028216783216783115;0.976623410786219;0.9925323220686124;0.03582325997955284;0.5278540579132898;0.1339285714285714;0.1339285714285714;-1;111111111111111111111111111111111111111111111111111111111000000000000000000000000000000000000000000000000000000000000000000000000000000000000000000000000000000000000000000000000000000000000000000000000000000000000000000000000000000000000000000000000000000000000000000000000000000000000000000000000000000101010101000110000000000000011111100000000000000000000000000000000000000000000000000000000000000000000000000000000000000000000000000000000000000000000000000000000000000000000000000000000000000000000000000000000000000000000000000000000000000000000000000000000000000000000000000000000000000000000000000000000000000000000000000000000000000000000000000000000000000000000000000000000000000000000000000000000000000000000000000000000000000000000000000000111111111111111111111111111111111111111111111111111111111000000000000000000000000000000000000000000000000000000000000000000000000000000000000000000000-0020406080a0ccdefg0jkl0nop0rstjlnprtnnnnnnpppppprrssNOPQ---------------------------------------------------------------------------------------------000000000000000000000000000000000000000000000000000000000000000000000000000000000000000000000000000000000000000000000000000000000000000000000000000000------------------------------------------------------------------------------------------------------------------------------------------------------
_SEEDS_111111111111111111111111111111111111111111111111111111111000000000000000000000000000000000000000000000000000000000000000000000000000000000000000000000000000000000000000000000000000000000000000000000000000000000000000000000000000000000000000000000000000000000000000000000000000000000000000000000000000000101010101000110000000000000011111100000000000000000000000000000000000000000000000000000000000000000000000000000000000000000000000000000000000000000000000000000000000000000000000000000000000000000000000000000000000000000000000000000000000000000000000000000000000000000000000000000000000000000000000000000000000000000000000000000000000000000000000000000000000000000000000000000000000000000000000000000000000000000000000000000000000000000000000000000111111111111111111111111111111111111111111111111111111111000000000000000000000000000000000000000000000000000000000000000000000000000000000000000000000-0020406080a0ccdefg0jkl0nop0rstjlnprtnnnnnnpppppprrssNOPQ---------------------------------------------------------------------------------------------000000000000000000000000000000000000000000000000000000000000000000000000000000000000000000000000000000000000000000000000000000000000000000000000000000------------------------------------------------------------------------------------------------------------------------------------------------------;1.0;0.1324603174603175;0.04277310924369748;0.9744598883358175;0.9928957493859317;0.043407647175393554;0.5309994519335263;0.1324603174603175;0.1324603174603175;-1;111111111111111111111111111111111111111111111111111111111000000000000000000000000000000000000000000000000000000000000000000000000000000000000000000000000000000000000000000000000000000000000000000000000000000000000000000000000000000000000000000000000000000000000000000000000000000000000000000000000000000101010101000110000000000000011111100000000000000000000000000000000000000000000000000000000000000000000000000000000000000000000000000000000000000000000000000000000000000000000000000000000000000000000000000000000000000000000000000000000000000000000000000000000000000000000000000000000000000000000000000000000000000000000000000000000000000000000000000000000000000000000000000000000000000000000000000000000000000000000000000000000000000000000000000000111111111111111111111111111111111111111111111111111111111000000000000000000000000000000000000000000000000000000000000000000000000000000000000000000000-0020406080a0ccdefg0jkl0nop0rstjlnprtnnnnnnpppppprrssNOPQ---------------------------------------------------------------------------------------------000000000000000000000000000000000000000000000000000000000000000000000000000000000000000000000000000000000000000000000000000000000000000000000000000000------------------------------------------------------------------------------------------------------------------------------------------------------
_SEEDS_111111111111111111111111111111111111111111111111111111111000000000000000000000000000000000000000000000000000000000000000000000000000000000000000000000000000000000000000000000000000000000000000000000000000000000000000000000000000000000000000000000000000000000000000000000000000000000000000000000000000000101010101000110000000000000011111100000000000000000000000000000000000000000000000000000000000000000000000000000000000000000000000000000000000000000000000000000000000000000000000000000000000000000000000000000000000000000000000000000000000000000000000000000000000000000000000000000000000000000000000000000000000000000000000000000000000000000000000000000000000000000000000000000000000000000000000000000000000000000000000000000000000000000000000000000111111111111111111111111111111111111111111111111111111111000000000000000000000000000000000000000000000000000000000000000000000000000000000000000000000-0020406080a0ccdefg0jkl0nop0rstjlnprtnnnnnnpppppprrssNOPQ---------------------------------------------------------------------------------------------000000000000000000000000000000000000000000000000000000000000000000000000000000000000000000000000000000000000000000000000000000000000000000000000000000------------------------------------------------------------------------------------------------------------------------------------------------------;1.0;0.13255952380952374;0.0;0.9749559405476232;0.9931256484894895;0.04044439732605591;0.5235142516954487;0.13255952380952374;0.13255952380952374;-1;111111111111111111111111111111111111111111111111111111111000000000000000000000000000000000000000000000000000000000000000000000000000000000000000000000000000000000000000000000000000000000000000000000000000000000000000000000000000000000000000000000000000000000000000000000000000000000000000000000000000000101010101000110000000000000011111100000000000000000000000000000000000000000000000000000000000000000000000000000000000000000000000000000000000000000000000000000000000000000000000000000000000000000000000000000000000000000000000000000000000000000000000000000000000000000000000000000000000000000000000000000000000000000000000000000000000000000000000000000000000000000000000000000000000000000000000000000000000000000000000000000000000000000000000000000111111111111111111111111111111111111111111111111111111111000000000000000000000000000000000000000000000000000000000000000000000000000000000000000000000-0020406080a0ccdefg0jkl0nop0rstjlnprtnnnnnnpppppprrssNOPQ---------------------------------------------------------------------------------------------000000000000000000000000000000000000000000000000000000000000000000000000000000000000000000000000000000000000000000000000000000000000000000000000000000------------------------------------------------------------------------------------------------------------------------------------------------------
_SEEDS_111111111111111111111111111111111111111111111111111111111000000000000000000000000000000000000000000000000000000000000000000000000000000000000000000000000000000000000000000000000000000000000000000000000000000000000000000000000000000000000000000000000000000000000000000000000000000000000000000000000000000101010101000110000000000000011111100000000000000000000000000000000000000000000000000000000000000000000000000000000000000000000000000000000000000000000000000000000000000000000000000000000000000000000000000000000000000000000000000000000000000000000000000000000000000000000000000000000000000000000000000000000000000000000000000000000000000000000000000000000000000000000000000000000000000000000000000000000000000000000000000000000000000000000000000000111111111111111111111111111111111111111111111111111111111000000000000000000000000000000000000000000000000000000000000000000000000000000000000000000000-0020406080a0ccdefg0jkl0nop0rstjlnprtnnnnnnpppppprrssNOPQ---------------------------------------------------------------------------------------------000000000000000000000000000000000000000000000000000000000000000000000000000000000000000000000000000000000000000000000000000000000000000000000000000000------------------------------------------------------------------------------------------------------------------------------------------------------;1.0;0.13910714285714276;0.018099547511312264;0.979344660481741;0.9957330602491893;0.03807232727264277;0.5283927897286713;0.13910714285714276;0.13910714285714276;-1;111111111111111111111111111111111111111111111111111111111000000000000000000000000000000000000000000000000000000000000000000000000000000000000000000000000000000000000000000000000000000000000000000000000000000000000000000000000000000000000000000000000000000000000000000000000000000000000000000000000000000101010101000110000000000000011111100000000000000000000000000000000000000000000000000000000000000000000000000000000000000000000000000000000000000000000000000000000000000000000000000000000000000000000000000000000000000000000000000000000000000000000000000000000000000000000000000000000000000000000000000000000000000000000000000000000000000000000000000000000000000000000000000000000000000000000000000000000000000000000000000000000000000000000000000000111111111111111111111111111111111111111111111111111111111000000000000000000000000000000000000000000000000000000000000000000000000000000000000000000000-0020406080a0ccdefg0jkl0nop0rstjlnprtnnnnnnpppppprrssNOPQ---------------------------------------------------------------------------------------------000000000000000000000000000000000000000000000000000000000000000000000000000000000000000000000000000000000000000000000000000000000000000000000000000000------------------------------------------------------------------------------------------------------------------------------------------------------
_SEEDS_111111111111111111111111111111111111111111111111111111111000000000000000000000000000000000000000000000000000000000000000000000000000000000000000000000000000000000000000000000000000000000000000000000000000000000000000000000000000000000000000000000000000000000000000000000000000000000000000000000000000000101010101000110000000000000011111100000000000000000000000000000000000000000000000000000000000000000000000000000000000000000000000000000000000000000000000000000000000000000000000000000000000000000000000000000000000000000000000000000000000000000000000000000000000000000000000000000000000000000000000000000000000000000000000000000000000000000000000000000000000000000000000000000000000000000000000000000000000000000000000000000000000000000000000000000111111111111111111111111111111111111111111111111111111111000000000000000000000000000000000000000000000000000000000000000000000000000000000000000000000-0020406080a0ccdefg0jkl0nop0rstjlnprtnnnnnnpppppprrssNOPQ---------------------------------------------------------------------------------------------000000000000000000000000000000000000000000000000000000000000000000000000000000000000000000000000000000000000000000000000000000000000000000000000000000------------------------------------------------------------------------------------------------------------------------------------------------------;1.0;0.13464285714285706;0.06350077942478849;0.973877317318038;0.9898509276951448;0.04509256489893649;0.5344940744132941;0.13464285714285706;0.13464285714285706;-1;111111111111111111111111111111111111111111111111111111111000000000000000000000000000000000000000000000000000000000000000000000000000000000000000000000000000000000000000000000000000000000000000000000000000000000000000000000000000000000000000000000000000000000000000000000000000000000000000000000000000000101010101000110000000000000011111100000000000000000000000000000000000000000000000000000000000000000000000000000000000000000000000000000000000000000000000000000000000000000000000000000000000000000000000000000000000000000000000000000000000000000000000000000000000000000000000000000000000000000000000000000000000000000000000000000000000000000000000000000000000000000000000000000000000000000000000000000000000000000000000000000000000000000000000000000111111111111111111111111111111111111111111111111111111111000000000000000000000000000000000000000000000000000000000000000000000000000000000000000000000-0020406080a0ccdefg0jkl0nop0rstjlnprtnnnnnnpppppprrssNOPQ---------------------------------------------------------------------------------------------000000000000000000000000000000000000000000000000000000000000000000000000000000000000000000000000000000000000000000000000000000000000000000000000000000------------------------------------------------------------------------------------------------------------------------------------------------------
_SEEDS_111111111111111111111111111111111111111111111111111111111000000000000000000000000000000000000000000000000000000000000000000000000000000000000000000000000000000000000000000000000000000000000000000000000000000000000000000000000000000000000000000000000000000000000000000000000000000000000000000000000000000101010101000110000000000000011111100000000000000000000000000000000000000000000000000000000000000000000000000000000000000000000000000000000000000000000000000000000000000000000000000000000000000000000000000000000000000000000000000000000000000000000000000000000000000000000000000000000000000000000000000000000000000000000000000000000000000000000000000000000000000000000000000000000000000000000000000000000000000000000000000000000000000000000000000000111111111111111111111111111111111111111111111111111111111000000000000000000000000000000000000000000000000000000000000000000000000000000000000000000000-0020406080a0ccdefg0jkl0nop0rstjlnprtnnnnnnpppppprrssNOPQ---------------------------------------------------------------------------------------------000000000000000000000000000000000000000000000000000000000000000000000000000000000000000000000000000000000000000000000000000000000000000000000000000000------------------------------------------------------------------------------------------------------------------------------------------------------;1.0;0.14136904761904745;0.11326906269543102;0.9822263879861436;0.9957330602491893;0.053024688591647134;0.5476037078569097;0.14136904761904745;0.14136904761904745;-1;111111111111111111111111111111111111111111111111111111111000000000000000000000000000000000000000000000000000000000000000000000000000000000000000000000000000000000000000000000000000000000000000000000000000000000000000000000000000000000000000000000000000000000000000000000000000000000000000000000000000000101010101000110000000000000011111100000000000000000000000000000000000000000000000000000000000000000000000000000000000000000000000000000000000000000000000000000000000000000000000000000000000000000000000000000000000000000000000000000000000000000000000000000000000000000000000000000000000000000000000000000000000000000000000000000000000000000000000000000000000000000000000000000000000000000000000000000000000000000000000000000000000000000000000000000111111111111111111111111111111111111111111111111111111111000000000000000000000000000000000000000000000000000000000000000000000000000000000000000000000-0020406080a0ccdefg0jkl0nop0rstjlnprtnnnnnnpppppprrssNOPQ---------------------------------------------------------------------------------------------000000000000000000000000000000000000000000000000000000000000000000000000000000000000000000000000000000000000000000000000000000000000000000000000000000------------------------------------------------------------------------------------------------------------------------------------------------------
_SEEDS_111111111111111111111111111111111111111111111111111111111000000000000000000000000000000000000000000000000000000000000000000000000000000000000000000000000000000000000000000000000000000000000000000000000000000000000000000000000000000000000000000000000000000000000000000000000000000000000000000000000000000101010101000110000000000000011111100000000000000000000000000000000000000000000000000000000000000000000000000000000000000000000000000000000000000000000000000000000000000000000000000000000000000000000000000000000000000000000000000000000000000000000000000000000000000000000000000000000000000000000000000000000000000000000000000000000000000000000000000000000000000000000000000000000000000000000000000000000000000000000000000000000000000000000000000000111111111111111111111111111111111111111111111111111111111000000000000000000000000000000000000000000000000000000000000000000000000000000000000000000000-0020406080a0ccdefg0jkl0nop0rstjlnprtnnnnnnpppppprrssNOPQ---------------------------------------------------------------------------------------------000000000000000000000000000000000000000000000000000000000000000000000000000000000000000000000000000000000000000000000000000000000000000000000000000000------------------------------------------------------------------------------------------------------------------------------------------------------;1.0;0.13523809523809516;0.020659062103928982;0.9781075217036186;0.99488689327399;0.042357253815633836;0.5285414710225445;0.13523809523809516;0.13523809523809516;-1;111111111111111111111111111111111111111111111111111111111000000000000000000000000000000000000000000000000000000000000000000000000000000000000000000000000000000000000000000000000000000000000000000000000000000000000000000000000000000000000000000000000000000000000000000000000000000000000000000000000000000101010101000110000000000000011111100000000000000000000000000000000000000000000000000000000000000000000000000000000000000000000000000000000000000000000000000000000000000000000000000000000000000000000000000000000000000000000000000000000000000000000000000000000000000000000000000000000000000000000000000000000000000000000000000000000000000000000000000000000000000000000000000000000000000000000000000000000000000000000000000000000000000000000000000000111111111111111111111111111111111111111111111111111111111000000000000000000000000000000000000000000000000000000000000000000000000000000000000000000000-0020406080a0ccdefg0jkl0nop0rstjlnprtnnnnnnpppppprrssNOPQ---------------------------------------------------------------------------------------------000000000000000000000000000000000000000000000000000000000000000000000000000000000000000000000000000000000000000000000000000000000000000000000000000000------------------------------------------------------------------------------------------------------------------------------------------------------
_SEEDS_111111111111111111111111111111111111111111111111111111111000000000000000000000000000000000000000000000000000000000000000000000000000000000000000000000000000000000000000000000000000000000000000000000000000000000000000000000000000000000000000000000000000000000000000000000000000000000000000000000000000000101010101000110000000000000011111100000000000000000000000000000000000000000000000000000000000000000000000000000000000000000000000000000000000000000000000000000000000000000000000000000000000000000000000000000000000000000000000000000000000000000000000000000000000000000000000000000000000000000000000000000000000000000000000000000000000000000000000000000000000000000000000000000000000000000000000000000000000000000000000000000000000000000000000000000111111111111111111111111111111111111111111111111111111111000000000000000000000000000000000000000000000000000000000000000000000000000000000000000000000-0020406080a0ccdefg0jkl0nop0rstjlnprtnnnnnnpppppprrssNOPQ---------------------------------------------------------------------------------------------000000000000000000000000000000000000000000000000000000000000000000000000000000000000000000000000000000000000000000000000000000000000000000000000000000------------------------------------------------------------------------------------------------------------------------------------------------------;1.0;0.13099206349206338;0.08468623764127825;0.9781053174530142;0.9944202320421375;0.04724345059516775;0.5392412168706101;0.13099206349206338;0.13099206349206338;-1;111111111111111111111111111111111111111111111111111111111000000000000000000000000000000000000000000000000000000000000000000000000000000000000000000000000000000000000000000000000000000000000000000000000000000000000000000000000000000000000000000000000000000000000000000000000000000000000000000000000000000101010101000110000000000000011111100000000000000000000000000000000000000000000000000000000000000000000000000000000000000000000000000000000000000000000000000000000000000000000000000000000000000000000000000000000000000000000000000000000000000000000000000000000000000000000000000000000000000000000000000000000000000000000000000000000000000000000000000000000000000000000000000000000000000000000000000000000000000000000000000000000000000000000000000000111111111111111111111111111111111111111111111111111111111000000000000000000000000000000000000000000000000000000000000000000000000000000000000000000000-0020406080a0ccdefg0jkl0nop0rstjlnprtnnnnnnpppppprrssNOPQ---------------------------------------------------------------------------------------------000000000000000000000000000000000000000000000000000000000000000000000000000000000000000000000000000000000000000000000000000000000000000000000000000000------------------------------------------------------------------------------------------------------------------------------------------------------
_SEEDS_111111111111111111111111111111111111111111111111111111111000000000000000000000000000000000000000000000000000000000000000000000000000000000000000000000000000000000000000000000000000000000000000000000000000000000000000000000000000000000000000000000000000000000000000000000000000000000000000000000000000000101010101000110000000000000011111100000000000000000000000000000000000000000000000000000000000000000000000000000000000000000000000000000000000000000000000000000000000000000000000000000000000000000000000000000000000000000000000000000000000000000000000000000000000000000000000000000000000000000000000000000000000000000000000000000000000000000000000000000000000000000000000000000000000000000000000000000000000000000000000000000000000000000000000000000111111111111111111111111111111111111111111111111111111111000000000000000000000000000000000000000000000000000000000000000000000000000000000000000000000-0020406080a0ccdefg0jkl0nop0rstjlnprtnnnnnnpppppprrssNOPQ---------------------------------------------------------------------------------------------000000000000000000000000000000000000000000000000000000000000000000000000000000000000000000000000000000000000000000000000000000000000000000000000000000------------------------------------------------------------------------------------------------------------------------------------------------------;1.0;0.1336507936507937;0.1036077674729633;0.9772581506010913;0.9924908833189714;0.04701246102004177;0.5423366760106436;0.1336507936507937;0.1336507936507937;-1;111111111111111111111111111111111111111111111111111111111000000000000000000000000000000000000000000000000000000000000000000000000000000000000000000000000000000000000000000000000000000000000000000000000000000000000000000000000000000000000000000000000000000000000000000000000000000000000000000000000000000101010101000110000000000000011111100000000000000000000000000000000000000000000000000000000000000000000000000000000000000000000000000000000000000000000000000000000000000000000000000000000000000000000000000000000000000000000000000000000000000000000000000000000000000000000000000000000000000000000000000000000000000000000000000000000000000000000000000000000000000000000000000000000000000000000000000000000000000000000000000000000000000000000000000000111111111111111111111111111111111111111111111111111111111000000000000000000000000000000000000000000000000000000000000000000000000000000000000000000000-0020406080a0ccdefg0jkl0nop0rstjlnprtnnnnnnpppppprrssNOPQ---------------------------------------------------------------------------------------------000000000000000000000000000000000000000000000000000000000000000000000000000000000000000000000000000000000000000000000000000000000000000000000000000000------------------------------------------------------------------------------------------------------------------------------------------------------
_SEEDS_111111111111111111111111111111111111111111111111111111111000000000000000000000000000000000000000000000000000000000000000000000000000000000000000000000000000000000000000000000000000000000000000000000000000000000000000000000000000000000000000000000000000000000000000000000000000000000000000000000000000000101010101000110000000000000011111100000000000000000000000000000000000000000000000000000000000000000000000000000000000000000000000000000000000000000000000000000000000000000000000000000000000000000000000000000000000000000000000000000000000000000000000000000000000000000000000000000000000000000000000000000000000000000000000000000000000000000000000000000000000000000000000000000000000000000000000000000000000000000000000000000000000000000000000000000111111111111111111111111111111111111111111111111111111111000000000000000000000000000000000000000000000000000000000000000000000000000000000000000000000-0020406080a0ccdefg0jkl0nop0rstjlnprtnnnnnnpppppprrssNOPQ---------------------------------------------------------------------------------------------000000000000000000000000000000000000000000000000000000000000000000000000000000000000000000000000000000000000000000000000000000000000000000000000000000------------------------------------------------------------------------------------------------------------------------------------------------------;1.0;0.13065476190476188;0.018759018759018753;0.9783979135124877;0.995468509984639;0.04219127158683326;0.52757857929129;0.13065476190476188;0.13065476190476188;-1;111111111111111111111111111111111111111111111111111111111000000000000000000000000000000000000000000000000000000000000000000000000000000000000000000000000000000000000000000000000000000000000000000000000000000000000000000000000000000000000000000000000000000000000000000000000000000000000000000000000000000101010101000110000000000000011111100000000000000000000000000000000000000000000000000000000000000000000000000000000000000000000000000000000000000000000000000000000000000000000000000000000000000000000000000000000000000000000000000000000000000000000000000000000000000000000000000000000000000000000000000000000000000000000000000000000000000000000000000000000000000000000000000000000000000000000000000000000000000000000000000000000000000000000000000000111111111111111111111111111111111111111111111111111111111000000000000000000000000000000000000000000000000000000000000000000000000000000000000000000000-0020406080a0ccdefg0jkl0nop0rstjlnprtnnnnnnpppppprrssNOPQ---------------------------------------------------------------------------------------------000000000000000000000000000000000000000000000000000000000000000000000000000000000000000000000000000000000000000000000000000000000000000000000000000000------------------------------------------------------------------------------------------------------------------------------------------------------
_SEEDS_111111111111111111111111111111111111111111111111111111111000000000000000000000000000000000000000000000000000000000000000000000000000000000000000000000000000000000000000000000000000000000000000000000000000000000000000000000000000000000000000000000000000000000000000000000000000000000000000000000000000000101010101000110000000000000011111100000000000000000000000000000000000000000000000000000000000000000000000000000000000000000000000000000000000000000000000000000000000000000000000000000000000000000000000000000000000000000000000000000000000000000000000000000000000000000000000000000000000000000000000000000000000000000000000000000000000000000000000000000000000000000000000000000000000000000000000000000000000000000000000000000000000000000000000000000111111111111111111111111111111111111111111111111111111111000000000000000000000000000000000000000000000000000000000000000000000000000000000000000000000-0020406080a0ccdefg0jkl0nop0rstjlnprtnnnnnnpppppprrssNOPQ---------------------------------------------------------------------------------------------000000000000000000000000000000000000000000000000000000000000000000000000000000000000000000000000000000000000000000000000000000000000000000000000000000------------------------------------------------------------------------------------------------------------------------------------------------------;1.0;0.13349206349206344;0.05924570347921654;0.9763755016268341;0.9930356784820401;0.04528583845425005;0.534572464255734;0.13349206349206344;0.13349206349206344;-1;111111111111111111111111111111111111111111111111111111111000000000000000000000000000000000000000000000000000000000000000000000000000000000000000000000000000000000000000000000000000000000000000000000000000000000000000000000000000000000000000000000000000000000000000000000000000000000000000000000000000000101010101000110000000000000011111100000000000000000000000000000000000000000000000000000000000000000000000000000000000000000000000000000000000000000000000000000000000000000000000000000000000000000000000000000000000000000000000000000000000000000000000000000000000000000000000000000000000000000000000000000000000000000000000000000000000000000000000000000000000000000000000000000000000000000000000000000000000000000000000000000000000000000000000000000111111111111111111111111111111111111111111111111111111111000000000000000000000000000000000000000000000000000000000000000000000000000000000000000000000-0020406080a0ccdefg0jkl0nop0rstjlnprtnnnnnnpppppprrssNOPQ---------------------------------------------------------------------------------------------000000000000000000000000000000000000000000000000000000000000000000000000000000000000000000000000000000000000000000000000000000000000000000000000000000------------------------------------------------------------------------------------------------------------------------------------------------------
_SEEDS_111111111111111111111111111111111111111111111111111111111000000000000000000000000000000000000000000000000000000000000000000000000000000000000000000000000000000000000000000000000000000000000000000000000000000000000000000000000000000000000000000000000000000000000000000000000000000000000000000000000000000101010101000110000000000000011111100000000000000000000000000000000000000000000000000000000000000000000000000000000000000000000000000000000000000000000000000000000000000000000000000000000000000000000000000000000000000000000000000000000000000000000000000000000000000000000000000000000000000000000000000000000000000000000000000000000000000000000000000000000000000000000000000000000000000000000000000000000000000000000000000000000000000000000000000000111111111111111111111111111111111111111111111111111111111000000000000000000000000000000000000000000000000000000000000000000000000000000000000000000000-0020406080a0ccdefg0jkl0nop0rstjlnprtnnnnnnpppppprrssNOPQ---------------------------------------------------------------------------------------------000000000000000000000000000000000000000000000000000000000000000000000000000000000000000000000000000000000000000000000000000000000000000000000000000000------------------------------------------------------------------------------------------------------------------------------------------------------;1.0;0.14128968253968255;0.04797107766354847;0.9760298338134753;0.9919952210274791;0.04317704406806218;0.5334104765187079;0.14128968253968255;0.14128968253968255;-1;111111111111111111111111111111111111111111111111111111111000000000000000000000000000000000000000000000000000000000000000000000000000000000000000000000000000000000000000000000000000000000000000000000000000000000000000000000000000000000000000000000000000000000000000000000000000000000000000000000000000000101010101000110000000000000011111100000000000000000000000000000000000000000000000000000000000000000000000000000000000000000000000000000000000000000000000000000000000000000000000000000000000000000000000000000000000000000000000000000000000000000000000000000000000000000000000000000000000000000000000000000000000000000000000000000000000000000000000000000000000000000000000000000000000000000000000000000000000000000000000000000000000000000000000000000111111111111111111111111111111111111111111111111111111111000000000000000000000000000000000000000000000000000000000000000000000000000000000000000000000-0020406080a0ccdefg0jkl0nop0rstjlnprtnnnnnnpppppprrssNOPQ---------------------------------------------------------------------------------------------000000000000000000000000000000000000000000000000000000000000000000000000000000000000000000000000000000000000000000000000000000000000000000000000000000------------------------------------------------------------------------------------------------------------------------------------------------------
_SEEDS_111111111111111111111111111111111111111111111111111111111000000000000000000000000000000000000000000000000000000000000000000000000000000000000000000000000000000000000000000000000000000000000000000000000000000000000000000000000000000000000000000000000000000000000000000000000000000000000000000000000000000101010101000110000000000000011111100000000000000000000000000000000000000000000000000000000000000000000000000000000000000000000000000000000000000000000000000000000000000000000000000000000000000000000000000000000000000000000000000000000000000000000000000000000000000000000000000000000000000000000000000000000000000000000000000000000000000000000000000000000000000000000000000000000000000000000000000000000000000000000000000000000000000000000000000000111111111111111111111111111111111111111111111111111111111000000000000000000000000000000000000000000000000000000000000000000000000000000000000000000000-0020406080a0ccdefg0jkl0nop0rstjlnprtnnnnnnpppppprrssNOPQ---------------------------------------------------------------------------------------------000000000000000000000000000000000000000000000000000000000000000000000000000000000000000000000000000000000000000000000000000000000000000000000000000000------------------------------------------------------------------------------------------------------------------------------------------------------;1.0;0.13424603174603156;0.021621621621621623;0.9766178188674619;0.9937398227720808;0.04374057898866891;0.5283276456659775;0.13424603174603156;0.13424603174603156;-1;111111111111111111111111111111111111111111111111111111111000000000000000000000000000000000000000000000000000000000000000000000000000000000000000000000000000000000000000000000000000000000000000000000000000000000000000000000000000000000000000000000000000000000000000000000000000000000000000000000000000000101010101000110000000000000011111100000000000000000000000000000000000000000000000000000000000000000000000000000000000000000000000000000000000000000000000000000000000000000000000000000000000000000000000000000000000000000000000000000000000000000000000000000000000000000000000000000000000000000000000000000000000000000000000000000000000000000000000000000000000000000000000000000000000000000000000000000000000000000000000000000000000000000000000000000111111111111111111111111111111111111111111111111111111111000000000000000000000000000000000000000000000000000000000000000000000000000000000000000000000-0020406080a0ccdefg0jkl0nop0rstjlnprtnnnnnnpppppprrssNOPQ---------------------------------------------------------------------------------------------000000000000000000000000000000000000000000000000000000000000000000000000000000000000000000000000000000000000000000000000000000000000000000000000000000------------------------------------------------------------------------------------------------------------------------------------------------------
_SEEDS_111111111111111111111111111111111111111111111111111111111000000000000000000000000000000000000000000000000000000000000000000000000000000000000000000000000000000000000000000000000000000000000000000000000000000000000000000000000000000000000000000000000000000000000000000000000000000000000000000000000000000101010101000110000000000000011111100000000000000000000000000000000000000000000000000000000000000000000000000000000000000000000000000000000000000000000000000000000000000000000000000000000000000000000000000000000000000000000000000000000000000000000000000000000000000000000000000000000000000000000000000000000000000000000000000000000000000000000000000000000000000000000000000000000000000000000000000000000000000000000000000000000000000000000000000000111111111111111111111111111111111111111111111111111111111000000000000000000000000000000000000000000000000000000000000000000000000000000000000000000000-0020406080a0ccdefg0jkl0nop0rstjlnprtnnnnnnpppppprrssNOPQ---------------------------------------------------------------------------------------------000000000000000000000000000000000000000000000000000000000000000000000000000000000000000000000000000000000000000000000000000000000000000000000000000000------------------------------------------------------------------------------------------------------------------------------------------------------;1.0;0.13650793650793647;0.10944921051725132;0.9799097061349252;0.9941245331174063;0.049721664004917024;0.5449521750470728;0.13650793650793647;0.13650793650793647;-1;111111111111111111111111111111111111111111111111111111111000000000000000000000000000000000000000000000000000000000000000000000000000000000000000000000000000000000000000000000000000000000000000000000000000000000000000000000000000000000000000000000000000000000000000000000000000000000000000000000000000000101010101000110000000000000011111100000000000000000000000000000000000000000000000000000000000000000000000000000000000000000000000000000000000000000000000000000000000000000000000000000000000000000000000000000000000000000000000000000000000000000000000000000000000000000000000000000000000000000000000000000000000000000000000000000000000000000000000000000000000000000000000000000000000000000000000000000000000000000000000000000000000000000000000000000111111111111111111111111111111111111111111111111111111111000000000000000000000000000000000000000000000000000000000000000000000000000000000000000000000-0020406080a0ccdefg0jkl0nop0rstjlnprtnnnnnnpppppprrssNOPQ---------------------------------------------------------------------------------------------000000000000000000000000000000000000000000000000000000000000000000000000000000000000000000000000000000000000000000000000000000000000000000000000000000------------------------------------------------------------------------------------------------------------------------------------------------------
_SEEDS_111111111111111111111111111111111111111111111111111111111000000000000000000000000000000000000000000000000000000000000000000000000000000000000000000000000000000000000000000000000000000000000000000000000000000000000000000000000000000000000000000000000000000000000000000000000000000000000000000000000000000101010101000110000000000000011111100000000000000000000000000000000000000000000000000000000000000000000000000000000000000000000000000000000000000000000000000000000000000000000000000000000000000000000000000000000000000000000000000000000000000000000000000000000000000000000000000000000000000000000000000000000000000000000000000000000000000000000000000000000000000000000000000000000000000000000000000000000000000000000000000000000000000000000000000000111111111111111111111111111111111111111111111111111111111000000000000000000000000000000000000000000000000000000000000000000000000000000000000000000000-0020406080a0ccdefg0jkl0nop0rstjlnprtnnnnnnpppppprrssNOPQ---------------------------------------------------------------------------------------------000000000000000000000000000000000000000000000000000000000000000000000000000000000000000000000000000000000000000000000000000000000000000000000000000000------------------------------------------------------------------------------------------------------------------------------------------------------;1.0;0.1389880952380953;0.09778604573159844;0.9783262284745254;0.9927974057006315;0.04584496978428087;0.5422904574881885;0.1389880952380953;0.1389880952380953;-1;111111111111111111111111111111111111111111111111111111111000000000000000000000000000000000000000000000000000000000000000000000000000000000000000000000000000000000000000000000000000000000000000000000000000000000000000000000000000000000000000000000000000000000000000000000000000000000000000000000000000000101010101000110000000000000011111100000000000000000000000000000000000000000000000000000000000000000000000000000000000000000000000000000000000000000000000000000000000000000000000000000000000000000000000000000000000000000000000000000000000000000000000000000000000000000000000000000000000000000000000000000000000000000000000000000000000000000000000000000000000000000000000000000000000000000000000000000000000000000000000000000000000000000000000000000111111111111111111111111111111111111111111111111111111111000000000000000000000000000000000000000000000000000000000000000000000000000000000000000000000-0020406080a0ccdefg0jkl0nop0rstjlnprtnnnnnnpppppprrssNOPQ---------------------------------------------------------------------------------------------000000000000000000000000000000000000000000000000000000000000000000000000000000000000000000000000000000000000000000000000000000000000000000000000000000------------------------------------------------------------------------------------------------------------------------------------------------------
_SEEDS_111111111111111111111111111111111111111111111111111111111000000000000000000000000000000000000000000000000000000000000000000000000000000000000000000000000000000000000000000000000000000000000000000000000000000000000000000000000000000000000000000000000000000000000000000000000000000000000000000000000000000101010101000110000000000000011111100000000000000000000000000000000000000000000000000000000000000000000000000000000000000000000000000000000000000000000000000000000000000000000000000000000000000000000000000000000000000000000000000000000000000000000000000000000000000000000000000000000000000000000000000000000000000000000000000000000000000000000000000000000000000000000000000000000000000000000000000000000000000000000000000000000000000000000000000000111111111111111111111111111111111111111111111111111111111000000000000000000000000000000000000000000000000000000000000000000000000000000000000000000000-0020406080a0ccdefg0jkl0nop0rstjlnprtnnnnnnpppppprrssNOPQ---------------------------------------------------------------------------------------------000000000000000000000000000000000000000000000000000000000000000000000000000000000000000000000000000000000000000000000000000000000000000000000000000000------------------------------------------------------------------------------------------------------------------------------------------------------;1.0;0.13751984126984118;0.01967213114754096;0.9765568320537272;0.9930699564772145;0.030439615976489455;0.5262097294874688;0.13751984126984118;0.13751984126984118;-1;111111111111111111111111111111111111111111111111111111111000000000000000000000000000000000000000000000000000000000000000000000000000000000000000000000000000000000000000000000000000000000000000000000000000000000000000000000000000000000000000000000000000000000000000000000000000000000000000000000000000000101010101000110000000000000011111100000000000000000000000000000000000000000000000000000000000000000000000000000000000000000000000000000000000000000000000000000000000000000000000000000000000000000000000000000000000000000000000000000000000000000000000000000000000000000000000000000000000000000000000000000000000000000000000000000000000000000000000000000000000000000000000000000000000000000000000000000000000000000000000000000000000000000000000000000111111111111111111111111111111111111111111111111111111111000000000000000000000000000000000000000000000000000000000000000000000000000000000000000000000-0020406080a0ccdefg0jkl0nop0rstjlnprtnnnnnnpppppprrssNOPQ---------------------------------------------------------------------------------------------000000000000000000000000000000000000000000000000000000000000000000000000000000000000000000000000000000000000000000000000000000000000000000000000000000------------------------------------------------------------------------------------------------------------------------------------------------------
_SEEDS_111111111111111111111111111111111111111111111111111111111000000000000000000000000000000000000000000000000000000000000000000000000000000000000000000000000000000000000000000000000000000000000000000000000000000000000000000000000000000000000000000000000000000000000000000000000000000000000000000000000000000101010101000110000000000000011111100000000000000000000000000000000000000000000000000000000000000000000000000000000000000000000000000000000000000000000000000000000000000000000000000000000000000000000000000000000000000000000000000000000000000000000000000000000000000000000000000000000000000000000000000000000000000000000000000000000000000000000000000000000000000000000000000000000000000000000000000000000000000000000000000000000000000000000000000000111111111111111111111111111111111111111111111111111111111000000000000000000000000000000000000000000000000000000000000000000000000000000000000000000000-0020406080a0ccdefg0jkl0nop0rstjlnprtnnnnnnpppppprrssNOPQ---------------------------------------------------------------------------------------------000000000000000000000000000000000000000000000000000000000000000000000000000000000000000000000000000000000000000000000000000000000000000000000000000000------------------------------------------------------------------------------------------------------------------------------------------------------;1.0;0.13440476190476192;0.011715481171548081;0.9770347993003062;0.993836249422402;0.033844618874977424;0.525139318445666;0.13440476190476192;0.13440476190476192;-1;111111111111111111111111111111111111111111111111111111111000000000000000000000000000000000000000000000000000000000000000000000000000000000000000000000000000000000000000000000000000000000000000000000000000000000000000000000000000000000000000000000000000000000000000000000000000000000000000000000000000000101010101000110000000000000011111100000000000000000000000000000000000000000000000000000000000000000000000000000000000000000000000000000000000000000000000000000000000000000000000000000000000000000000000000000000000000000000000000000000000000000000000000000000000000000000000000000000000000000000000000000000000000000000000000000000000000000000000000000000000000000000000000000000000000000000000000000000000000000000000000000000000000000000000000000111111111111111111111111111111111111111111111111111111111000000000000000000000000000000000000000000000000000000000000000000000000000000000000000000000-0020406080a0ccdefg0jkl0nop0rstjlnprtnnnnnnpppppprrssNOPQ---------------------------------------------------------------------------------------------000000000000000000000000000000000000000000000000000000000000000000000000000000000000000000000000000000000000000000000000000000000000000000000000000000------------------------------------------------------------------------------------------------------------------------------------------------------
_SEEDS_111111111111111111111111111111111111111111111111111111111000000000000000000000000000000000000000000000000000000000000000000000000000000000000000000000000000000000000000000000000000000000000000000000000000000000000000000000000000000000000000000000000000000000000000000000000000000000000000000000000000000101010101000110000000000000011111100000000000000000000000000000000000000000000000000000000000000000000000000000000000000000000000000000000000000000000000000000000000000000000000000000000000000000000000000000000000000000000000000000000000000000000000000000000000000000000000000000000000000000000000000000000000000000000000000000000000000000000000000000000000000000000000000000000000000000000000000000000000000000000000000000000000000000000000000000111111111111111111111111111111111111111111111111111111111000000000000000000000000000000000000000000000000000000000000000000000000000000000000000000000-0020406080a0ccdefg0jkl0nop0rstjlnprtnnnnnnpppppprrssNOPQ---------------------------------------------------------------------------------------------000000000000000000000000000000000000000000000000000000000000000000000000000000000000000000000000000000000000000000000000000000000000000000000000000000------------------------------------------------------------------------------------------------------------------------------------------------------;1.0;0.13341269841269832;0.007092198581560294;0.9753505091233313;0.9920117554190135;0.040833261614421294;0.5247834038585041;0.13341269841269832;0.13341269841269832;-1;111111111111111111111111111111111111111111111111111111111000000000000000000000000000000000000000000000000000000000000000000000000000000000000000000000000000000000000000000000000000000000000000000000000000000000000000000000000000000000000000000000000000000000000000000000000000000000000000000000000000000101010101000110000000000000011111100000000000000000000000000000000000000000000000000000000000000000000000000000000000000000000000000000000000000000000000000000000000000000000000000000000000000000000000000000000000000000000000000000000000000000000000000000000000000000000000000000000000000000000000000000000000000000000000000000000000000000000000000000000000000000000000000000000000000000000000000000000000000000000000000000000000000000000000000000111111111111111111111111111111111111111111111111111111111000000000000000000000000000000000000000000000000000000000000000000000000000000000000000000000-0020406080a0ccdefg0jkl0nop0rstjlnprtnnnnnnpppppprrssNOPQ---------------------------------------------------------------------------------------------000000000000000000000000000000000000000000000000000000000000000000000000000000000000000000000000000000000000000000000000000000000000000000000000000000------------------------------------------------------------------------------------------------------------------------------------------------------
_SEEDS_111111111111111111111111111111111111111111111111111111111000000000000000000000000000000000000000000000000000000000000000000000000000000000000000000000000000000000000000000000000000000000000000000000000000000000000000000000000000000000000000000000000000000000000000000000000000000000000000000000000000000101010101000110000000000000011111100000000000000000000000000000000000000000000000000000000000000000000000000000000000000000000000000000000000000000000000000000000000000000000000000000000000000000000000000000000000000000000000000000000000000000000000000000000000000000000000000000000000000000000000000000000000000000000000000000000000000000000000000000000000000000000000000000000000000000000000000000000000000000000000000000000000000000000000000000111111111111111111111111111111111111111111111111111111111000000000000000000000000000000000000000000000000000000000000000000000000000000000000000000000-0020406080a0ccdefg0jkl0nop0rstjlnprtnnnnnnpppppprrssNOPQ---------------------------------------------------------------------------------------------000000000000000000000000000000000000000000000000000000000000000000000000000000000000000000000000000000000000000000000000000000000000000000000000000000------------------------------------------------------------------------------------------------------------------------------------------------------;1.0;0.13642857142857134;0.00914786967418546;0.9781666140043777;0.9957330602491893;0.04079869761474865;0.526712468828512;0.13642857142857134;0.13642857142857134;-1;111111111111111111111111111111111111111111111111111111111000000000000000000000000000000000000000000000000000000000000000000000000000000000000000000000000000000000000000000000000000000000000000000000000000000000000000000000000000000000000000000000000000000000000000000000000000000000000000000000000000000101010101000110000000000000011111100000000000000000000000000000000000000000000000000000000000000000000000000000000000000000000000000000000000000000000000000000000000000000000000000000000000000000000000000000000000000000000000000000000000000000000000000000000000000000000000000000000000000000000000000000000000000000000000000000000000000000000000000000000000000000000000000000000000000000000000000000000000000000000000000000000000000000000000000000111111111111111111111111111111111111111111111111111111111000000000000000000000000000000000000000000000000000000000000000000000000000000000000000000000-0020406080a0ccdefg0jkl0nop0rstjlnprtnnnnnnpppppprrssNOPQ---------------------------------------------------------------------------------------------000000000000000000000000000000000000000000000000000000000000000000000000000000000000000000000000000000000000000000000000000000000000000000000000000000------------------------------------------------------------------------------------------------------------------------------------------------------
_SEEDS_111111111111111111111111111111111111111111111111111111111000000000000000000000000000000000000000000000000000000000000000000000000000000000000000000000000000000000000000000000000000000000000000000000000000000000000000000000000000000000000000000000000000000000000000000000000000000000000000000000000000000101010101000110000000000000011111100000000000000000000000000000000000000000000000000000000000000000000000000000000000000000000000000000000000000000000000000000000000000000000000000000000000000000000000000000000000000000000000000000000000000000000000000000000000000000000000000000000000000000000000000000000000000000000000000000000000000000000000000000000000000000000000000000000000000000000000000000000000000000000000000000000000000000000000000000111111111111111111111111111111111111111111111111111111111000000000000000000000000000000000000000000000000000000000000000000000000000000000000000000000-0020406080a0ccdefg0jkl0nop0rstjlnprtnnnnnnpppppprrssNOPQ---------------------------------------------------------------------------------------------000000000000000000000000000000000000000000000000000000000000000000000000000000000000000000000000000000000000000000000000000000000000000000000000000000------------------------------------------------------------------------------------------------------------------------------------------------------;1.0;0.12839285714285686;0.066135561821834;0.9766243240096888;0.9928774913753138;0.049115053306969574;0.5355242146094439;0.12839285714285686;0.12839285714285686;-1;111111111111111111111111111111111111111111111111111111111000000000000000000000000000000000000000000000000000000000000000000000000000000000000000000000000000000000000000000000000000000000000000000000000000000000000000000000000000000000000000000000000000000000000000000000000000000000000000000000000000000101010101000110000000000000011111100000000000000000000000000000000000000000000000000000000000000000000000000000000000000000000000000000000000000000000000000000000000000000000000000000000000000000000000000000000000000000000000000000000000000000000000000000000000000000000000000000000000000000000000000000000000000000000000000000000000000000000000000000000000000000000000000000000000000000000000000000000000000000000000000000000000000000000000000000111111111111111111111111111111111111111111111111111111111000000000000000000000000000000000000000000000000000000000000000000000000000000000000000000000-0020406080a0ccdefg0jkl0nop0rstjlnprtnnnnnnpppppprrssNOPQ---------------------------------------------------------------------------------------------000000000000000000000000000000000000000000000000000000000000000000000000000000000000000000000000000000000000000000000000000000000000000000000000000000------------------------------------------------------------------------------------------------------------------------------------------------------
_SEEDS_111111111111111111111111111111111111111111111111111111111000000000000000000000000000000000000000000000000000000000000000000000000000000000000000000000000000000000000000000000000000000000000000000000000000000000000000000000000000000000000000000000000000000000000000000000000000000000000000000000000000000101010101000110000000000000011111100000000000000000000000000000000000000000000000000000000000000000000000000000000000000000000000000000000000000000000000000000000000000000000000000000000000000000000000000000000000000000000000000000000000000000000000000000000000000000000000000000000000000000000000000000000000000000000000000000000000000000000000000000000000000000000000000000000000000000000000000000000000000000000000000000000000000000000000000000111111111111111111111111111111111111111111111111111111111000000000000000000000000000000000000000000000000000000000000000000000000000000000000000000000-0020406080a0ccdefg0jkl0nop0rstjlnprtnnnnnnpppppprrssNOPQ---------------------------------------------------------------------------------------------000000000000000000000000000000000000000000000000000000000000000000000000000000000000000000000000000000000000000000000000000000000000000000000000000000------------------------------------------------------------------------------------------------------------------------------------------------------;1.0;0.13795634920634925;0.00586419753086409;0.9787247192251765;0.9951783580815838;0.03274605422482521;0.5250782797114665;0.13795634920634925;0.13795634920634925;-1;111111111111111111111111111111111111111111111111111111111000000000000000000000000000000000000000000000000000000000000000000000000000000000000000000000000000000000000000000000000000000000000000000000000000000000000000000000000000000000000000000000000000000000000000000000000000000000000000000000000000000101010101000110000000000000011111100000000000000000000000000000000000000000000000000000000000000000000000000000000000000000000000000000000000000000000000000000000000000000000000000000000000000000000000000000000000000000000000000000000000000000000000000000000000000000000000000000000000000000000000000000000000000000000000000000000000000000000000000000000000000000000000000000000000000000000000000000000000000000000000000000000000000000000000000000111111111111111111111111111111111111111111111111111111111000000000000000000000000000000000000000000000000000000000000000000000000000000000000000000000-0020406080a0ccdefg0jkl0nop0rstjlnprtnnnnnnpppppprrssNOPQ---------------------------------------------------------------------------------------------000000000000000000000000000000000000000000000000000000000000000000000000000000000000000000000000000000000000000000000000000000000000000000000000000000------------------------------------------------------------------------------------------------------------------------------------------------------
_SEEDS_111111111111111111111111111111111111111111111111111111111000000000000000000000000000000000000000000000000000000000000000000000000000000000000000000000000000000000000000000000000000000000000000000000000000000000000000000000000000000000000000000000000000000000000000000000000000000000000000000000000000000101010101000110000000000000011111100000000000000000000000000000000000000000000000000000000000000000000000000000000000000000000000000000000000000000000000000000000000000000000000000000000000000000000000000000000000000000000000000000000000000000000000000000000000000000000000000000000000000000000000000000000000000000000000000000000000000000000000000000000000000000000000000000000000000000000000000000000000000000000000000000000000000000000000000000111111111111111111111111111111111111111111111111111111111000000000000000000000000000000000000000000000000000000000000000000000000000000000000000000000-0020406080a0ccdefg0jkl0nop0rstjlnprtnnnnnnpppppprrssNOPQ---------------------------------------------------------------------------------------------000000000000000000000000000000000000000000000000000000000000000000000000000000000000000000000000000000000000000000000000000000000000000000000000000000------------------------------------------------------------------------------------------------------------------------------------------------------;1.0;0.13134920634920633;0.024113475177305;0.9766940866348555;0.9935825226147806;0.04941118633500051;0.5291917461851913;0.13134920634920633;0.13134920634920633;-1;111111111111111111111111111111111111111111111111111111111000000000000000000000000000000000000000000000000000000000000000000000000000000000000000000000000000000000000000000000000000000000000000000000000000000000000000000000000000000000000000000000000000000000000000000000000000000000000000000000000000000101010101000110000000000000011111100000000000000000000000000000000000000000000000000000000000000000000000000000000000000000000000000000000000000000000000000000000000000000000000000000000000000000000000000000000000000000000000000000000000000000000000000000000000000000000000000000000000000000000000000000000000000000000000000000000000000000000000000000000000000000000000000000000000000000000000000000000000000000000000000000000000000000000000000000111111111111111111111111111111111111111111111111111111111000000000000000000000000000000000000000000000000000000000000000000000000000000000000000000000-0020406080a0ccdefg0jkl0nop0rstjlnprtnnnnnnpppppprrssNOPQ---------------------------------------------------------------------------------------------000000000000000000000000000000000000000000000000000000000000000000000000000000000000000000000000000000000000000000000000000000000000000000000000000000------------------------------------------------------------------------------------------------------------------------------------------------------
_SEEDS_111111111111111111111111111111111111111111111111111111111000000000000000000000000000000000000000000000000000000000000000000000000000000000000000000000000000000000000000000000000000000000000000000000000000000000000000000000000000000000000000000000000000000000000000000000000000000000000000000000000000000101010101000110000000000000011111100000000000000000000000000000000000000000000000000000000000000000000000000000000000000000000000000000000000000000000000000000000000000000000000000000000000000000000000000000000000000000000000000000000000000000000000000000000000000000000000000000000000000000000000000000000000000000000000000000000000000000000000000000000000000000000000000000000000000000000000000000000000000000000000000000000000000000000000000000111111111111111111111111111111111111111111111111111111111000000000000000000000000000000000000000000000000000000000000000000000000000000000000000000000-0020406080a0ccdefg0jkl0nop0rstjlnprtnnnnnnpppppprrssNOPQ---------------------------------------------------------------------------------------------000000000000000000000000000000000000000000000000000000000000000000000000000000000000000000000000000000000000000000000000000000000000000000000000000000------------------------------------------------------------------------------------------------------------------------------------------------------;1.0;0.13535714285714273;0.02132701421800942;0.9780772461971572;0.9948473333872315;0.04031622121328233;0.5283208263121372;0.13535714285714273;0.13535714285714273;-1;111111111111111111111111111111111111111111111111111111111000000000000000000000000000000000000000000000000000000000000000000000000000000000000000000000000000000000000000000000000000000000000000000000000000000000000000000000000000000000000000000000000000000000000000000000000000000000000000000000000000000101010101000110000000000000011111100000000000000000000000000000000000000000000000000000000000000000000000000000000000000000000000000000000000000000000000000000000000000000000000000000000000000000000000000000000000000000000000000000000000000000000000000000000000000000000000000000000000000000000000000000000000000000000000000000000000000000000000000000000000000000000000000000000000000000000000000000000000000000000000000000000000000000000000000000111111111111111111111111111111111111111111111111111111111000000000000000000000000000000000000000000000000000000000000000000000000000000000000000000000-0020406080a0ccdefg0jkl0nop0rstjlnprtnnnnnnpppppprrssNOPQ---------------------------------------------------------------------------------------------000000000000000000000000000000000000000000000000000000000000000000000000000000000000000000000000000000000000000000000000000000000000000000000000000000------------------------------------------------------------------------------------------------------------------------------------------------------
_SEEDS_111111111111111111111111111111111111111111111111111111111000000000000000000000000000000000000000000000000000000000000000000000000000000000000000000000000000000000000000000000000000000000000000000000000000000000000000000000000000000000000000000000000000000000000000000000000000000000000000000000000000000101010101000110000000000000011111100000000000000000000000000000000000000000000000000000000000000000000000000000000000000000000000000000000000000000000000000000000000000000000000000000000000000000000000000000000000000000000000000000000000000000000000000000000000000000000000000000000000000000000000000000000000000000000000000000000000000000000000000000000000000000000000000000000000000000000000000000000000000000000000000000000000000000000000000000111111111111111111111111111111111111111111111111111111111000000000000000000000000000000000000000000000000000000000000000000000000000000000000000000000-0020406080a0ccdefg0jkl0nop0rstjlnprtnnnnnnpppppprrssNOPQ---------------------------------------------------------------------------------------------000000000000000000000000000000000000000000000000000000000000000000000000000000000000000000000000000000000000000000000000000000000000000000000000000000------------------------------------------------------------------------------------------------------------------------------------------------------;1.0;0.141329365079365;0.0;0.9786392612251806;0.9957074586106844;0.023025564505814392;0.5231169415701741;0.141329365079365;0.141329365079365;-1;111111111111111111111111111111111111111111111111111111111000000000000000000000000000000000000000000000000000000000000000000000000000000000000000000000000000000000000000000000000000000000000000000000000000000000000000000000000000000000000000000000000000000000000000000000000000000000000000000000000000000101010101000110000000000000011111100000000000000000000000000000000000000000000000000000000000000000000000000000000000000000000000000000000000000000000000000000000000000000000000000000000000000000000000000000000000000000000000000000000000000000000000000000000000000000000000000000000000000000000000000000000000000000000000000000000000000000000000000000000000000000000000000000000000000000000000000000000000000000000000000000000000000000000000000000111111111111111111111111111111111111111111111111111111111000000000000000000000000000000000000000000000000000000000000000000000000000000000000000000000-0020406080a0ccdefg0jkl0nop0rstjlnprtnnnnnnpppppprrssNOPQ---------------------------------------------------------------------------------------------000000000000000000000000000000000000000000000000000000000000000000000000000000000000000000000000000000000000000000000000000000000000000000000000000000------------------------------------------------------------------------------------------------------------------------------------------------------
_SEEDS_111111111111111111111111111111111111111111111111111111111000000000000000000000000000000000000000000000000000000000000000000000000000000000000000000000000000000000000000000000000000000000000000000000000000000000000000000000000000000000000000000000000000000000000000000000000000000000000000000000000000000101010101000110000000000000011111100000000000000000000000000000000000000000000000000000000000000000000000000000000000000000000000000000000000000000000000000000000000000000000000000000000000000000000000000000000000000000000000000000000000000000000000000000000000000000000000000000000000000000000000000000000000000000000000000000000000000000000000000000000000000000000000000000000000000000000000000000000000000000000000000000000000000000000000000000111111111111111111111111111111111111111111111111111111111000000000000000000000000000000000000000000000000000000000000000000000000000000000000000000000-0020406080a0ccdefg0jkl0nop0rstjlnprtnnnnnnpppppprrssNOPQ---------------------------------------------------------------------------------------------000000000000000000000000000000000000000000000000000000000000000000000000000000000000000000000000000000000000000000000000000000000000000000000000000000------------------------------------------------------------------------------------------------------------------------------------------------------;1.0;0.13200396825396854;0.02256809338521404;0.9761089671414185;0.9935470741922355;0.03689564278137268;0.5268539576257015;0.13200396825396854;0.13200396825396854;-1;111111111111111111111111111111111111111111111111111111111000000000000000000000000000000000000000000000000000000000000000000000000000000000000000000000000000000000000000000000000000000000000000000000000000000000000000000000000000000000000000000000000000000000000000000000000000000000000000000000000000000101010101000110000000000000011111100000000000000000000000000000000000000000000000000000000000000000000000000000000000000000000000000000000000000000000000000000000000000000000000000000000000000000000000000000000000000000000000000000000000000000000000000000000000000000000000000000000000000000000000000000000000000000000000000000000000000000000000000000000000000000000000000000000000000000000000000000000000000000000000000000000000000000000000000000111111111111111111111111111111111111111111111111111111111000000000000000000000000000000000000000000000000000000000000000000000000000000000000000000000-0020406080a0ccdefg0jkl0nop0rstjlnprtnnnnnnpppppprrssNOPQ---------------------------------------------------------------------------------------------000000000000000000000000000000000000000000000000000000000000000000000000000000000000000000000000000000000000000000000000000000000000000000000000000000------------------------------------------------------------------------------------------------------------------------------------------------------
_SEEDS_111111111111111111111111111111111111111111111111111111111000000000000000000000000000000000000000000000000000000000000000000000000000000000000000000000000000000000000000000000000000000000000000000000000000000000000000000000000000000000000000000000000000000000000000000000000000000000000000000000000000000101010101000110000000000000011111100000000000000000000000000000000000000000000000000000000000000000000000000000000000000000000000000000000000000000000000000000000000000000000000000000000000000000000000000000000000000000000000000000000000000000000000000000000000000000000000000000000000000000000000000000000000000000000000000000000000000000000000000000000000000000000000000000000000000000000000000000000000000000000000000000000000000000000000000000111111111111111111111111111111111111111111111111111111111000000000000000000000000000000000000000000000000000000000000000000000000000000000000000000000-0020406080a0ccdefg0jkl0nop0rstjlnprtnnnnnnpppppprrssNOPQ---------------------------------------------------------------------------------------------000000000000000000000000000000000000000000000000000000000000000000000000000000000000000000000000000000000000000000000000000000000000000000000000000000------------------------------------------------------------------------------------------------------------------------------------------------------;1.0;0.1150000000000001;0.10239907393885761;0.9766741671394785;0.9894661314424221;0.062049176637372395;0.5409314248596885;0.1150000000000001;0.1150000000000001;-1;111111111111111111111111111111111111111111111111111111111000000000000000000000000000000000000000000000000000000000000000000000000000000000000000000000000000000000000000000000000000000000000000000000000000000000000000000000000000000000000000000000000000000000000000000000000000000000000000000000000000010000000110000111010000110111010001001100001001110010001000000000000000000000000000000000000000000000000000000000000000000000000000000000000000000000000000110001000000000011000000000000000001001001001110000000000000000000000000000000000000000000000000000000000000000000000000000000000000000000000000000000000000000000000000000000000000000000000000000000000000000000000000000000000000000000000000000000000000000000000000000000000000000000000000000000111111111111111111111111111111111111111111111111111111111000000000000000000000000000000000000000000000000000000000000000000000000000000000000000000000-0020406080a0ccdefg0jkl0nop0rstjlnprtnnnnnnpppppprrssNOPQ---------------------------------------------------------------------------------------------000000000000000000000000000000000000000000000000000000000000000000000000000000000000000000000000000000000000000000000000000000000000000000000000000000------------------------------------------------------------------------------------------------------------------------------------------------------
_SEEDS_111111111111111111111111111111111111111111111111111111111000000000000000000000000000000000000000000000000000000000000000000000000000000000000000000000000000000000000000000000000000000000000000000000000000000000000000000000000000000000000000000000000000000000000000000000000000000000000000000000000000000101010101000110000000000000011111100000000000000000000000000000000000000000000000000000000000000000000000000000000000000000000000000000000000000000000000000000000000000000000000000000000000000000000000000000000000000000000000000000000000000000000000000000000000000000000000000000000000000000000000000000000000000000000000000000000000000000000000000000000000000000000000000000000000000000000000000000000000000000000000000000000000000000000000000000111111111111111111111111111111111111111111111111111111111000000000000000000000000000000000000000000000000000000000000000000000000000000000000000000000-0020406080a0ccdefg0jkl0nop0rstjlnprtnnnnnnpppppprrssNOPQ---------------------------------------------------------------------------------------------000000000000000000000000000000000000000000000000000000000000000000000000000000000000000000000000000000000000000000000000000000000000000000000000000000------------------------------------------------------------------------------------------------------------------------------------------------------;1.0;0.09734126984126956;0.040402947221128915;0.9575575687777195;0.9801013156236564;0.08695072929126253;0.5270589717925062;0.09734126984126956;0.09734126984126956;-1;111111111111111111111111111111111110111111111111111110111000000000000000000000000000000000000000000000000000000000000000000000000000000000000000000000000000000000000000000000000000000000000000000000000000000000000000000000000000000000000000000000000000000000000000000000000000000000000000000000000000011011010000001000100011101001000101000010000011100011000000000000000000000000000000000000000000000000000000000000000000000000000000000000000000000000010100100010010011001000000000000101000001111001010000001000000000000000000000000000000000000000000000000000000000000000000000000000000000000000000000000000000000000000000000000000000000000000000000000000000000000000000000000000000000000000000000000000000000000000000000000000000000000000000000000000111111111111111111111111111111111111111111111111111111111000000000000000000000000000000000000000000000000000000000000000000000000000000000000000000000-0020406080a0ccdefg0jkl0nop0rstjlnprtnnnnnnpppppprrssNOPQ---------------------------------------------------------------------------------------------000000000000000000000000000000000000000000000000000000000000000000000000000000000000000000000000000000000000000000000000000000000000000000000000000000------------------------------------------------------------------------------------------------------------------------------------------------------
_SEEDS_111111111111111111111111111111111111111111111111111111111000000000000000000000000000000000000000000000000000000000000000000000000000000000000000000000000000000000000000000000000000000000000000000000000000000000000000000000000000000000000000000000000000000000000000000000000000000000000000000000000000000101010101000110000000000000011111100000000000000000000000000000000000000000000000000000000000000000000000000000000000000000000000000000000000000000000000000000000000000000000000000000000000000000000000000000000000000000000000000000000000000000000000000000000000000000000000000000000000000000000000000000000000000000000000000000000000000000000000000000000000000000000000000000000000000000000000000000000000000000000000000000000000000000000000000000111111111111111111111111111111111111111111111111111111111000000000000000000000000000000000000000000000000000000000000000000000000000000000000000000000-0020406080a0ccdefg0jkl0nop0rstjlnprtnnnnnnpppppprrssNOPQ---------------------------------------------------------------------------------------------000000000000000000000000000000000000000000000000000000000000000000000000000000000000000000000000000000000000000000000000000000000000000000000000000000------------------------------------------------------------------------------------------------------------------------------------------------------;1.0;0.11269841269841252;0.0684403862109263;0.9596744007317961;0.9817769823222005;0.09186313638515585;0.5357422197247486;0.11269841269841252;0.11269841269841252;-1;111111111111101111111111110111111101111111111111111111111000000000000000000000000000000000000000000000000000000000000000000000000000000000000000000000000000000000000000000000000000000000000000000000000000000000000000000000000000000000000000000000000000000000000000000000000000000000000000000000000000111010110100110000110110011010000110101100100111011101000000000000000000000000000000000000000000000000000000000000000000000000000000000000000000000000000000001000000000000001001000100000010000100000100001000000000000000000000000000000000000000000000000000000000000000000000000000000000000000000000000000000000000000000000000000000000000000000000000000000000000000000000000000000000000000000000000000000000000000000000000000000000000000000000000000000111111111111111111111111111111111111111111111111111111111000000000000000000000000000000000000000000000000000000000000000000000000000000000000000000000-0020406080a0ccdefg0jkl0nop0rstjlnprtnnnnnnpppppprrssNOPQ---------------------------------------------------------------------------------------------000000000000000000000000000000000000000000000000000000000000000000000000000000000000000000000000000000000000000000000000000000000000000000000000000000------------------------------------------------------------------------------------------------------------------------------------------------------
_SEEDS_111111111111111111111111111111111111111111111111111111111000000000000000000000000000000000000000000000000000000000000000000000000000000000000000000000000000000000000000000000000000000000000000000000000000000000000000000000000000000000000000000000000000000000000000000000000000000000000000000000000000000101010101000110000000000000011111100000000000000000000000000000000000000000000000000000000000000000000000000000000000000000000000000000000000000000000000000000000000000000000000000000000000000000000000000000000000000000000000000000000000000000000000000000000000000000000000000000000000000000000000000000000000000000000000000000000000000000000000000000000000000000000000000000000000000000000000000000000000000000000000000000000000000000000000000000111111111111111111111111111111111111111111111111111111111000000000000000000000000000000000000000000000000000000000000000000000000000000000000000000000-0020406080a0ccdefg0jkl0nop0rstjlnprtnnnnnnpppppprrssNOPQ---------------------------------------------------------------------------------------------000000000000000000000000000000000000000000000000000000000000000000000000000000000000000000000000000000000000000000000000000000000000000000000000000000------------------------------------------------------------------------------------------------------------------------------------------------------;1.0;0.0986706349206351;0.03169811320754712;0.9638511055989113;0.9869118921035829;0.09978560630848539;0.5301528920231936;0.0986706349206351;0.0986706349206351;-1;111111111111111111111111111111111011111011111111111111111000000000000000000000000000000000000000000000000000000000000000000000000000000000000000000000000000000000000000000000000000000000000000000000000000000000000000000000000000000000000000000000000000000000000000000000000000000000000000000000000000000011110100110100000001111000010100111110010000110001111000000000000000000000000000000000000000000000000000000000000000000000000000000000000000000000111000000010000000100101000010100001001010101000001010001000000000000000000000000000000000000000000000000000000000000000000000000000000000000000000000000000000000000000000000000000000000000000000000000000000000000000000000000000000000000000000000000000000000000000000000000000000000000000000000000000111111111111111111111111111111111111111111111111111111111000000000000000000000000000000000000000000000000000000000000000000000000000000000000000000000-0020406080a0ccdefg0jkl0nop0rstjlnprtnnnnnnpppppprrssNOPQ---------------------------------------------------------------------------------------------000000000000000000000000000000000000000000000000000000000000000000000000000000000000000000000000000000000000000000000000000000000000000000000000000000------------------------------------------------------------------------------------------------------------------------------------------------------
_SEEDS_111111111111111111111111111111111111111111111111111111111000000000000000000000000000000000000000000000000000000000000000000000000000000000000000000000000000000000000000000000000000000000000000000000000000000000000000000000000000000000000000000000000000000000000000000000000000000000000000000000000000000101010101000110000000000000011111100000000000000000000000000000000000000000000000000000000000000000000000000000000000000000000000000000000000000000000000000000000000000000000000000000000000000000000000000000000000000000000000000000000000000000000000000000000000000000000000000000000000000000000000000000000000000000000000000000000000000000000000000000000000000000000000000000000000000000000000000000000000000000000000000000000000000000000000000000111111111111111111111111111111111111111111111111111111111000000000000000000000000000000000000000000000000000000000000000000000000000000000000000000000-0020406080a0ccdefg0jkl0nop0rstjlnprtnnnnnnpppppprrssNOPQ---------------------------------------------------------------------------------------------000000000000000000000000000000000000000000000000000000000000000000000000000000000000000000000000000000000000000000000000000000000000000000000000000000------------------------------------------------------------------------------------------------------------------------------------------------------;1.0;0.10103174603174592;0.0317391304347826;0.9701789472492739;0.9844438275079053;0.08304122071316712;0.5284058119894791;0.10103174603174592;0.10103174603174592;-1;111111111111111111111111111111111111111111111111111111111000000000000000000000000000000000000000000000000000000000000000000000000000000000000000000000000000000000000000000000000000000000000000000000000000000000000000000000000000000000000000000000000000000000000000000000000000000000000000000000000000100010101010110001001010101011000100000000111010100101101000000000000000000000000000000000000000000000000000000000000000000000000000000000000000000000001101010000000100110000010000100100100000000111001001010000000000000000000000000000000000000000000000000000000000000000000000000000000000000000000000000000000000000000000000000000000000000000000000000000000000000000000000000000000000000000000000000000000000000000000000000000000000000000000000000000111111111111111111111111111111111111111111111111111111111000000000000000000000000000000000000000000000000000000000000000000000000000000000000000000000-0020406080a0ccdefg0jkl0nop0rstjlnprtnnnnnnpppppprrssNOPQ---------------------------------------------------------------------------------------------000000000000000000000000000000000000000000000000000000000000000000000000000000000000000000000000000000000000000000000000000000000000000000000000000000------------------------------------------------------------------------------------------------------------------------------------------------------
_SEEDS_111111111111111111111111111111111111111111111111111111111000000000000000000000000000000000000000000000000000000000000000000000000000000000000000000000000000000000000000000000000000000000000000000000000000000000000000000000000000000000000000000000000000000000000000000000000000000000000000000000000000000101010101000110000000000000011111100000000000000000000000000000000000000000000000000000000000000000000000000000000000000000000000000000000000000000000000000000000000000000000000000000000000000000000000000000000000000000000000000000000000000000000000000000000000000000000000000000000000000000000000000000000000000000000000000000000000000000000000000000000000000000000000000000000000000000000000000000000000000000000000000000000000000000000000000000111111111111111111111111111111111111111111111111111111111000000000000000000000000000000000000000000000000000000000000000000000000000000000000000000000-0020406080a0ccdefg0jkl0nop0rstjlnprtnnnnnnpppppprrssNOPQ---------------------------------------------------------------------------------------------000000000000000000000000000000000000000000000000000000000000000000000000000000000000000000000000000000000000000000000000000000000000000000000000000000------------------------------------------------------------------------------------------------------------------------------------------------------;1.0;0.09773809523809507;0.02513440860215055;0.9675074128560004;0.9852871280349702;0.07543864975283171;0.5251842824140079;0.09773809523809507;0.09773809523809507;-1;111111111111111111111111111111111111111111111111111111111000000000000000000000000000000000000000000000000000000000000000000000000000000000000000000000000000000000000000000000000000000000000000000000000000000000000000000000000000000000000000000000000000000000000000000000000000000000000000000000000000100001010000100010001001111010011101101110010101111110011000000000000000000000000000000000000000000000000000000000000000000000000000000000000000000000000100100000001101111001000100000001011000000000000000100000000000000000000000000000000000000000000000000000000000000000000000000000000000000000000000000000000000000000000000000000000000000000000000000000000000000000000000000000000000000000000000000000000000000000000000000000000000000000000000000000111111111111111111111111111111111111111111111111111111111000000000000000000000000000000000000000000000000000000000000000000000000000000000000000000000-0020406080a0ccdefg0jkl0nop0rstjlnprtnnnnnnpppppprrssNOPQ---------------------------------------------------------------------------------------------000000000000000000000000000000000000000000000000000000000000000000000000000000000000000000000000000000000000000000000000000000000000000000000000000000------------------------------------------------------------------------------------------------------------------------------------------------------
_SEEDS_111111111111111111111111111111111111111111111111111111111000000000000000000000000000000000000000000000000000000000000000000000000000000000000000000000000000000000000000000000000000000000000000000000000000000000000000000000000000000000000000000000000000000000000000000000000000000000000000000000000000000101010101000110000000000000011111100000000000000000000000000000000000000000000000000000000000000000000000000000000000000000000000000000000000000000000000000000000000000000000000000000000000000000000000000000000000000000000000000000000000000000000000000000000000000000000000000000000000000000000000000000000000000000000000000000000000000000000000000000000000000000000000000000000000000000000000000000000000000000000000000000000000000000000000000000111111111111111111111111111111111111111111111111111111111000000000000000000000000000000000000000000000000000000000000000000000000000000000000000000000-0020406080a0ccdefg0jkl0nop0rstjlnprtnnnnnnpppppprrssNOPQ---------------------------------------------------------------------------------------------000000000000000000000000000000000000000000000000000000000000000000000000000000000000000000000000000000000000000000000000000000000000000000000000000000------------------------------------------------------------------------------------------------------------------------------------------------------;1.0;0.1262103174603174;0.08917491047051729;0.9617791633952759;0.9806963003307981;0.10989941953266628;0.5446266851982625;0.1262103174603174;0.1262103174603174;-1;111111111101111101111111111111111101111111111111111111111000000000000000000000000000000000000000000000000000000000000000000000000000000000000000000000000000000000000000000000000000000000000000000000000000000000000000000000000000000000000000000000000000000000000000000000000000000000000000000000000000000011010010100000011000000000000110111100100010010001110000000000000000000000000000000000000000000000000000000000000000000000000000000000000000000000100000010000010011000001000001001100000010010010010110010000000000000000000000000000000000000000000000000000000000000000000000000000000000000000000000000000000000000000000000000000000000000000000000000000000000000000000000000000000000000000000000000000000000000000000000000000000000000000000000000000111111111111111111111111111111111111111111111111111111111000000000000000000000000000000000000000000000000000000000000000000000000000000000000000000000-0020406080a0ccdefg0jkl0nop0rstjlnprtnnnnnnpppppprrssNOPQ---------------------------------------------------------------------------------------------000000000000000000000000000000000000000000000000000000000000000000000000000000000000000000000000000000000000000000000000000000000000000000000000000000------------------------------------------------------------------------------------------------------------------------------------------------------
_SEEDS_111111111111111111111111111111111111111111111111111111111000000000000000000000000000000000000000000000000000000000000000000000000000000000000000000000000000000000000000000000000000000000000000000000000000000000000000000000000000000000000000000000000000000000000000000000000000000000000000000000000000000101010101000110000000000000011111100000000000000000000000000000000000000000000000000000000000000000000000000000000000000000000000000000000000000000000000000000000000000000000000000000000000000000000000000000000000000000000000000000000000000000000000000000000000000000000000000000000000000000000000000000000000000000000000000000000000000000000000000000000000000000000000000000000000000000000000000000000000000000000000000000000000000000000000000000111111111111111111111111111111111111111111111111111111111000000000000000000000000000000000000000000000000000000000000000000000000000000000000000000000-0020406080a0ccdefg0jkl0nop0rstjlnprtnnnnnnpppppprrssNOPQ---------------------------------------------------------------------------------------------000000000000000000000000000000000000000000000000000000000000000000000000000000000000000000000000000000000000000000000000000000000000000000000000000000------------------------------------------------------------------------------------------------------------------------------------------------------;1.0;0.11248015873015882;0.16396768936616368;0.980630366729932;0.9907475943057678;0.08938170954807793;0.5562012531133501;0.11248015873015882;0.11248015873015882;-1;111111111111111111111111111111111111111111111111111111011000000000000000000000000000000000000000000000000000000000000000000000000000000000000000000000000000000000000000000000000000000000000000000000000000000000000000000000000000000000000000000000000000000000000000000000000000000000000000000000000000011011010001001101000001001001001000110010101110100111000000000000000000000000000000000000000000000000000000000000000000000000000000000000000000000000000000101010000100001000010110111000000000000000011000100000000000000000000000000000000000000000000000000000000000000000000000000000000000000000000000000000000000000000000000000000000000000000000000000000000000000000000000000000000000000000000000000000000000000000000000000000000000000000000000000000111111111111111111111111111111111111111111111111111111111000000000000000000000000000000000000000000000000000000000000000000000000000000000000000000000-0020406080a0ccdefg0jkl0nop0rstjlnprtnnnnnnpppppprrssNOPQ---------------------------------------------------------------------------------------------000000000000000000000000000000000000000000000000000000000000000000000000000000000000000000000000000000000000000000000000000000000000000000000000000000------------------------------------------------------------------------------------------------------------------------------------------------------
_SEEDS_111111111111111111111111111111111111111111111111111111111000000000000000000000000000000000000000000000000000000000000000000000000000000000000000000000000000000000000000000000000000000000000000000000000000000000000000000000000000000000000000000000000000000000000000000000000000000000000000000000000000000101010101000110000000000000011111100000000000000000000000000000000000000000000000000000000000000000000000000000000000000000000000000000000000000000000000000000000000000000000000000000000000000000000000000000000000000000000000000000000000000000000000000000000000000000000000000000000000000000000000000000000000000000000000000000000000000000000000000000000000000000000000000000000000000000000000000000000000000000000000000000000000000000000000000000111111111111111111111111111111111111111111111111111111111000000000000000000000000000000000000000000000000000000000000000000000000000000000000000000000-0020406080a0ccdefg0jkl0nop0rstjlnprtnnnnnnpppppprrssNOPQ---------------------------------------------------------------------------------------------000000000000000000000000000000000000000000000000000000000000000000000000000000000000000000000000000000000000000000000000000000000000000000000000000000------------------------------------------------------------------------------------------------------------------------------------------------------;1.0;0.1106746031746032;0.060691573419709544;0.9566354187315065;0.9882367999207137;0.10050617413795286;0.5361240948974143;0.1106746031746032;0.1106746031746032;-1;111111111011110111111111111010101111111111111111111111111000000000000000000000000000000000000000000000000000000000000000000000000000000000000000000000000000000000000000000000000000000000000000000000000000000000000000000000000000000000000000000000000000000000000000000000000000000000000000000000000000100000100001111110010101100001010100101111111011000100000000000000000000000000000000000000000000000000000000000000000000000000000000000000000000000000100000000110000001110010000101000100000000010000000001001000000000000000000000000000000000000000000000000000000000000000000000000000000000000000000000000000000000000000000000000000000000000000000000000000000000000000000000000000000000000000000000000000000000000000000000000000000000000000000000000000111111111111111111111111111111111111111111111111111111111000000000000000000000000000000000000000000000000000000000000000000000000000000000000000000000-0020406080a0ccdefg0jkl0nop0rstjlnprtnnnnnnpppppprrssNOPQ---------------------------------------------------------------------------------------------000000000000000000000000000000000000000000000000000000000000000000000000000000000000000000000000000000000000000000000000000000000000000000000000000000------------------------------------------------------------------------------------------------------------------------------------------------------
_SEEDS_111111111111111111111111111111111111111111111111111111111000000000000000000000000000000000000000000000000000000000000000000000000000000000000000000000000000000000000000000000000000000000000000000000000000000000000000000000000000000000000000000000000000000000000000000000000000000000000000000000000000000101010101000110000000000000011111100000000000000000000000000000000000000000000000000000000000000000000000000000000000000000000000000000000000000000000000000000000000000000000000000000000000000000000000000000000000000000000000000000000000000000000000000000000000000000000000000000000000000000000000000000000000000000000000000000000000000000000000000000000000000000000000000000000000000000000000000000000000000000000000000000000000000000000000000000111111111111111111111111111111111111111111111111111111111000000000000000000000000000000000000000000000000000000000000000000000000000000000000000000000-0020406080a0ccdefg0jkl0nop0rstjlnprtnnnnnnpppppprrssNOPQ---------------------------------------------------------------------------------------------000000000000000000000000000000000000000000000000000000000000000000000000000000000000000000000000000000000000000000000000000000000000000000000000000000------------------------------------------------------------------------------------------------------------------------------------------------------;1.0;0.10190476190476194;0.04570293254503777;0.9657124694741268;0.9876463317126362;0.08280689945409322;0.530628899181776;0.10190476190476194;0.10190476190476194;-1;111111111111111111111111111011111111111111111111111110111000000000000000000000000000000000000000000000000000000000000000000000000000000000000000000000000000000000000000000000000000000000000000000000000000000000000000000000000000000000000000000000000000000000000000000000000000000000000000000000000000000100101010100101110100111000101110111000011010001011110000000000000000000000000000000000000000000000000000000000000000000000000000000000000000000000110000100000000000001000000110010110010001100101010001000000000000000000000000000000000000000000000000000000000000000000000000000000000000000000000000000000000000000000000000000000000000000000000000000000000000000000000000000000000000000000000000000000000000000000000000000000000000000000000000000000111111111111111111111111111111111111111111111111111111111000000000000000000000000000000000000000000000000000000000000000000000000000000000000000000000-0020406080a0ccdefg0jkl0nop0rstjlnprtnnnnnnpppppprrssNOPQ---------------------------------------------------------------------------------------------000000000000000000000000000000000000000000000000000000000000000000000000000000000000000000000000000000000000000000000000000000000000000000000000000000------------------------------------------------------------------------------------------------------------------------------------------------------
_SEEDS_111111111111111111111111111111111111111111111111111111111000000000000000000000000000000000000000000000000000000000000000000000000000000000000000000000000000000000000000000000000000000000000000000000000000000000000000000000000000000000000000000000000000000000000000000000000000000000000000000000000000000101010101000110000000000000011111100000000000000000000000000000000000000000000000000000000000000000000000000000000000000000000000000000000000000000000000000000000000000000000000000000000000000000000000000000000000000000000000000000000000000000000000000000000000000000000000000000000000000000000000000000000000000000000000000000000000000000000000000000000000000000000000000000000000000000000000000000000000000000000000000000000000000000000000000000111111111111111111111111111111111111111111111111111111111000000000000000000000000000000000000000000000000000000000000000000000000000000000000000000000-0020406080a0ccdefg0jkl0nop0rstjlnprtnnnnnnpppppprrssNOPQ---------------------------------------------------------------------------------------------000000000000000000000000000000000000000000000000000000000000000000000000000000000000000000000000000000000000000000000000000000000000000000000000000000------------------------------------------------------------------------------------------------------------------------------------------------------;1.0;0.10152777777777766;0.06027481899192422;0.9444753459568351;0.9767975136878254;0.08161330785007562;0.5274481273774064;0.10152777777777766;0.10152777777777766;-1;111110101111111111111111111111111111111111111111111111111000000000000000000000000000000000000000000000000000000000000000000000000000000000000000000000000000000000000000000000000000000000000000000000000000000000000000000000000000000000000000000000000000000000000000000000000000000000000000000000000000110101011100100100010110000010010100101110010000100001000000000000000000000000000000000000000000000000000000000000000000000000000000000000000000000000001010010001010001001000000000011000000000000111000100001000000000000000000000000000000000000000000000000000000000000000000000000000000000000000000000000000000000000000000000000000000000000000000000000000000000000000000000000000000000000000000000000000000000000000000000000000000000000000000000000000111111111111111111111111111111111111111111111111111111111000000000000000000000000000000000000000000000000000000000000000000000000000000000000000000000-0020406080a0ccdefg0jkl0nop0rstjlnprtnnnnnnpppppprrssNOPQ---------------------------------------------------------------------------------------------000000000000000000000000000000000000000000000000000000000000000000000000000000000000000000000000000000000000000000000000000000000000000000000000000000------------------------------------------------------------------------------------------------------------------------------------------------------
_SEEDS_111111111111111111111111111111111111111111111111111111111000000000000000000000000000000000000000000000000000000000000000000000000000000000000000000000000000000000000000000000000000000000000000000000000000000000000000000000000000000000000000000000000000000000000000000000000000000000000000000000000000000101010101000110000000000000011111100000000000000000000000000000000000000000000000000000000000000000000000000000000000000000000000000000000000000000000000000000000000000000000000000000000000000000000000000000000000000000000000000000000000000000000000000000000000000000000000000000000000000000000000000000000000000000000000000000000000000000000000000000000000000000000000000000000000000000000000000000000000000000000000000000000000000000000000000000111111111111111111111111111111111111111111111111111111111000000000000000000000000000000000000000000000000000000000000000000000000000000000000000000000-0020406080a0ccdefg0jkl0nop0rstjlnprtnnnnnnpppppprrssNOPQ---------------------------------------------------------------------------------------------000000000000000000000000000000000000000000000000000000000000000000000000000000000000000000000000000000000000000000000000000000000000000000000000000000------------------------------------------------------------------------------------------------------------------------------------------------------;1.0;0.11843253968253953;0.044832055494706036;0.9670015923396873;0.9855015913375678;0.08470898836548925;0.533412794536665;0.11843253968253953;0.11843253968253953;-1;111111110111111111111111111111111111111111111111111111111000000000000000000000000000000000000000000000000000000000000000000000000000000000000000000000000000000000000000000000000000000000000000000000000000000000000000000000000000000000000000000000000000000000000000000000000000000000000000000000000000000001010111001001000010000000110011011000010001011010000000000000000000000000000000000000000000000000000000000000000000000000000000000000000000000000101000001010100000000000011000001000010110000000000100001000000000000000000000000000000000000000000000000000000000000000000000000000000000000000000000000000000000000000000000000000000000000000000000000000000000000000000000000000000000000000000000000000000000000000000000000000000000000000000000000000111111111111111111111111111111111111111111111111111111111000000000000000000000000000000000000000000000000000000000000000000000000000000000000000000000-0020406080a0ccdefg0jkl0nop0rstjlnprtnnnnnnpppppprrssNOPQ---------------------------------------------------------------------------------------------000000000000000000000000000000000000000000000000000000000000000000000000000000000000000000000000000000000000000000000000000000000000000000000000000000------------------------------------------------------------------------------------------------------------------------------------------------------
_SEEDS_111111111111111111111111111111111111111111111111111111111000000000000000000000000000000000000000000000000000000000000000000000000000000000000000000000000000000000000000000000000000000000000000000000000000000000000000000000000000000000000000000000000000000000000000000000000000000000000000000000000000000101010101000110000000000000011111100000000000000000000000000000000000000000000000000000000000000000000000000000000000000000000000000000000000000000000000000000000000000000000000000000000000000000000000000000000000000000000000000000000000000000000000000000000000000000000000000000000000000000000000000000000000000000000000000000000000000000000000000000000000000000000000000000000000000000000000000000000000000000000000000000000000000000000000000000111111111111111111111111111111111111111111111111111111111000000000000000000000000000000000000000000000000000000000000000000000000000000000000000000000-0020406080a0ccdefg0jkl0nop0rstjlnprtnnnnnnpppppprrssNOPQ---------------------------------------------------------------------------------------------000000000000000000000000000000000000000000000000000000000000000000000000000000000000000000000000000000000000000000000000000000000000000000000000000000------------------------------------------------------------------------------------------------------------------------------------------------------;1.0;0.08293650793650797;0.11793437677719265;0.9475201197768179;0.9735507591661869;0.07919791134406731;0.5335232791667955;0.08293650793650797;0.08293650793650797;-1;111111111111111111111111111111111111111111110111111111111000000000000000000000000000000000000000000000000000000000000000000000000000000000000000000000000000000000000000000000000000000000000000000000000000000000000000000000000000000000000000000000000000000000000000000000000000000000000000000000000000011111000110110011000110101011100100001100111101110110110000000000000000000000000000000000000000000000000000000000000000000000000000000000000000000000000001100001001100010000000000000001000000000000000011101000000000000000000000000000000000000000000000000000000000000000000000000000000000000000000000000000000000000000000000000000000000000000000000000000000000000000000000000000000000000000000000000000000000000000000000000000000000000000000000000000111111111111111111111111111111111111111111111111111111111000000000000000000000000000000000000000000000000000000000000000000000000000000000000000000000-0020406080a0ccdefg0jkl0nop0rstjlnprtnnnnnnpppppprrssNOPQ---------------------------------------------------------------------------------------------000000000000000000000000000000000000000000000000000000000000000000000000000000000000000000000000000000000000000000000000000000000000000000000000000000------------------------------------------------------------------------------------------------------------------------------------------------------
_SEEDS_111111111111111111111111111111111111111111111111111111111000000000000000000000000000000000000000000000000000000000000000000000000000000000000000000000000000000000000000000000000000000000000000000000000000000000000000000000000000000000000000000000000000000000000000000000000000000000000000000000000000000101010101000110000000000000011111100000000000000000000000000000000000000000000000000000000000000000000000000000000000000000000000000000000000000000000000000000000000000000000000000000000000000000000000000000000000000000000000000000000000000000000000000000000000000000000000000000000000000000000000000000000000000000000000000000000000000000000000000000000000000000000000000000000000000000000000000000000000000000000000000000000000000000000000000000111111111111111111111111111111111111111111111111111111111000000000000000000000000000000000000000000000000000000000000000000000000000000000000000000000-0020406080a0ccdefg0jkl0nop0rstjlnprtnnnnnnpppppprrssNOPQ---------------------------------------------------------------------------------------------000000000000000000000000000000000000000000000000000000000000000000000000000000000000000000000000000000000000000000000000000000000000000000000000000000------------------------------------------------------------------------------------------------------------------------------------------------------;1.0;0.10851190476190486;0.018905472636815857;0.9620031021121299;0.986751516692508;0.08179616290591683;0.5263280265182125;0.10851190476190486;0.10851190476190486;-1;111111111101111111111111111111111011111111111111111111111000000000000000000000000000000000000000000000000000000000000000000000000000000000000000000000000000000000000000000000000000000000000000000000000000000000000000000000000000000000000000000000000000000000000000000000000000000000000000000000000000111000011110001001000100011110100010101100011000001000000000000000000000000000000000000000000000000000000000000000000000000000000000000000000000000000000000000010000100000010100001011100010000000100100001101000000000000000000000000000000000000000000000000000000000000000000000000000000000000000000000000000000000000000000000000000000000000000000000000000000000000000000000000000000000000000000000000000000000000000000000000000000000000000000000000000111111111111111111111111111111111111111111111111111111111000000000000000000000000000000000000000000000000000000000000000000000000000000000000000000000-0020406080a0ccdefg0jkl0nop0rstjlnprtnnnnnnpppppprrssNOPQ---------------------------------------------------------------------------------------------000000000000000000000000000000000000000000000000000000000000000000000000000000000000000000000000000000000000000000000000000000000000000000000000000000------------------------------------------------------------------------------------------------------------------------------------------------------
_SEEDS_111111111111111111111111111111111111111111111111111111111000000000000000000000000000000000000000000000000000000000000000000000000000000000000000000000000000000000000000000000000000000000000000000000000000000000000000000000000000000000000000000000000000000000000000000000000000000000000000000000000000000101010101000110000000000000011111100000000000000000000000000000000000000000000000000000000000000000000000000000000000000000000000000000000000000000000000000000000000000000000000000000000000000000000000000000000000000000000000000000000000000000000000000000000000000000000000000000000000000000000000000000000000000000000000000000000000000000000000000000000000000000000000000000000000000000000000000000000000000000000000000000000000000000000000000000111111111111111111111111111111111111111111111111111111111000000000000000000000000000000000000000000000000000000000000000000000000000000000000000000000-0020406080a0ccdefg0jkl0nop0rstjlnprtnnnnnnpppppprrssNOPQ---------------------------------------------------------------------------------------------000000000000000000000000000000000000000000000000000000000000000000000000000000000000000000000000000000000000000000000000000000000000000000000000000000------------------------------------------------------------------------------------------------------------------------------------------------------;1.0;0.08603174603174624;0.0802036241472861;0.9608123970034066;0.9858363909867769;0.07896240382514898;0.5319744269990608;0.08603174603174624;0.08603174603174624;-1;111111111111111111111111111111111111111111111111111111111000000000000000000000000000000000000000000000000000000000000000000000000000000000000000000000000000000000000000000000000000000000000000000000000000000000000000000000000000000000000000000000000000000000000000000000000000000000000000000000000000110001001001110010100111010011110110000111000110111101000000000000000000000000000000000000000000000000000000000000000000000000000000000000000000000000100011010010001001010000100000101000000000000100000010010000000000000000000000000000000000000000000000000000000000000000000000000000000000000000000000000000000000000000000000000000000000000000000000000000000000000000000000000000000000000000000000000000000000000000000000000000000000000000000000000000111111111111111111111111111111111111111111111111111111111000000000000000000000000000000000000000000000000000000000000000000000000000000000000000000000-0020406080a0ccdefg0jkl0nop0rstjlnprtnnnnnnpppppprrssNOPQ---------------------------------------------------------------------------------------------000000000000000000000000000000000000000000000000000000000000000000000000000000000000000000000000000000000000000000000000000000000000000000000000000000------------------------------------------------------------------------------------------------------------------------------------------------------
_SEEDS_111111111111111111111111111111111111111111111111111111111000000000000000000000000000000000000000000000000000000000000000000000000000000000000000000000000000000000000000000000000000000000000000000000000000000000000000000000000000000000000000000000000000000000000000000000000000000000000000000000000000000101010101000110000000000000011111100000000000000000000000000000000000000000000000000000000000000000000000000000000000000000000000000000000000000000000000000000000000000000000000000000000000000000000000000000000000000000000000000000000000000000000000000000000000000000000000000000000000000000000000000000000000000000000000000000000000000000000000000000000000000000000000000000000000000000000000000000000000000000000000000000000000000000000000000000111111111111111111111111111111111111111111111111111111111000000000000000000000000000000000000000000000000000000000000000000000000000000000000000000000-0020406080a0ccdefg0jkl0nop0rstjlnprtnnnnnnpppppprrssNOPQ---------------------------------------------------------------------------------------------000000000000000000000000000000000000000000000000000000000000000000000000000000000000000000000000000000000000000000000000000000000000000000000000000000------------------------------------------------------------------------------------------------------------------------------------------------------;1.0;0.10061507936507919;0.13881445903551193;0.9678891828951548;0.9827777767087311;0.0767827975917597;0.5444798825993727;0.10061507936507919;0.10061507936507919;-1;111111111111111111111111111111111111111111111111111111111000000000000000000000000000000000000000000000000000000000000000000000000000000000000000000000000000000000000000000000000000000000000000000000000000000000000000000000000000000000000000000000000000000000000000000000000000000000000000000000000000111100001100100011100111000001110000000101001010111000000000000000000000000000000000000000000000000000000000000000000000000000000000000000000000000000000000110000000110001000010010000100010010110101000100100000000000000000000000000000000000000000000000000000000000000000000000000000000000000000000000000000000000000000000000000000000000000000000000000000000000000000000000000000000000000000000000000000000000000000000000000000000000000000000000000000111111111111111111111111111111111111111111111111111111111000000000000000000000000000000000000000000000000000000000000000000000000000000000000000000000-0020406080a0ccdefg0jkl0nop0rstjlnprtnnnnnnpppppprrssNOPQ---------------------------------------------------------------------------------------------000000000000000000000000000000000000000000000000000000000000000000000000000000000000000000000000000000000000000000000000000000000000000000000000000000------------------------------------------------------------------------------------------------------------------------------------------------------
_SEEDS_111111111111111111111111111111111111111111111111111111111000000000000000000000000000000000000000000000000000000000000000000000000000000000000000000000000000000000000000000000000000000000000000000000000000000000000000000000000000000000000000000000000000000000000000000000000000000000000000000000000000000101010101000110000000000000011111100000000000000000000000000000000000000000000000000000000000000000000000000000000000000000000000000000000000000000000000000000000000000000000000000000000000000000000000000000000000000000000000000000000000000000000000000000000000000000000000000000000000000000000000000000000000000000000000000000000000000000000000000000000000000000000000000000000000000000000000000000000000000000000000000000000000000000000000000000111111111111111111111111111111111111111111111111111111111000000000000000000000000000000000000000000000000000000000000000000000000000000000000000000000-0020406080a0ccdefg0jkl0nop0rstjlnprtnnnnnnpppppprrssNOPQ---------------------------------------------------------------------------------------------000000000000000000000000000000000000000000000000000000000000000000000000000000000000000000000000000000000000000000000000000000000000000000000000000000------------------------------------------------------------------------------------------------------------------------------------------------------;1.0;0.08448412698412677;0.02580645161290318;0.9594595653409912;0.9848536800619702;0.08016976325022515;0.5224622645417026;0.08448412698412677;0.08448412698412677;-1;111111111111111111111111111111111111111111111111111111111000000000000000000000000000000000000000000000000000000000000000000000000000000000000000000000000000000000000000000000000000000000000000000000000000000000000000000000000000000000000000000000000000000000000000000000000000000000000000000000000000101100001001100011011111010100000110110111111101000100010000000000000000000000000000000000000000000000000000000000000000000000000000000000000000000000100011001000101100000000101001010001000000010010011000000000000000000000000000000000000000000000000000000000000000000000000000000000000000000000000000000000000000000000000000000000000000000000000000000000000000000000000000000000000000000000000000000000000000000000000000000000000000000000000000000000111111111111111111111111111111111111111111111111111111111000000000000000000000000000000000000000000000000000000000000000000000000000000000000000000000-0020406080a0ccdefg0jkl0nop0rstjlnprtnnnnnnpppppprrssNOPQ---------------------------------------------------------------------------------------------000000000000000000000000000000000000000000000000000000000000000000000000000000000000000000000000000000000000000000000000000000000000000000000000000000------------------------------------------------------------------------------------------------------------------------------------------------------
_SEEDS_111111111111111111111111111111111111111111111111111111111000000000000000000000000000000000000000000000000000000000000000000000000000000000000000000000000000000000000000000000000000000000000000000000000000000000000000000000000000000000000000000000000000000000000000000000000000000000000000000000000000000101010101000110000000000000011111100000000000000000000000000000000000000000000000000000000000000000000000000000000000000000000000000000000000000000000000000000000000000000000000000000000000000000000000000000000000000000000000000000000000000000000000000000000000000000000000000000000000000000000000000000000000000000000000000000000000000000000000000000000000000000000000000000000000000000000000000000000000000000000000000000000000000000000000000000111111111111111111111111111111111111111111111111111111111000000000000000000000000000000000000000000000000000000000000000000000000000000000000000000000-0020406080a0ccdefg0jkl0nop0rstjlnprtnnnnnnpppppprrssNOPQ---------------------------------------------------------------------------------------------000000000000000000000000000000000000000000000000000000000000000000000000000000000000000000000000000000000000000000000000000000000000000000000000000000------------------------------------------------------------------------------------------------------------------------------------------------------;1.0;0.11001984126984121;0.12251309982824288;0.9539263236294667;0.9743609299730992;0.09582062651604825;0.542773470202783;0.11001984126984121;0.11001984126984121;-1;111111111111101111111111111111011111111111111111111111011000000000000000000000000000000000000000000000000000000000000000000000000000000000000000000000000000000000000000000000000000000000000000000000000000000000000000000000000000000000000000000000000000000000000000000000000000000000000000000000000000000010010010011000001110011000001111000000100011010100100000000000000000000000000000000000000000000000000000000000000000000000000000000000000000000000100100001000000101100100100000100000100011110100010010110000000000000000000000000000000000000000000000000000000000000000000000000000000000000000000000000000000000000000000000000000000000000000000000000000000000000000000000000000000000000000000000000000000000000000000000000000000000000000000000000000111111111111111111111111111111111111111111111111111111111000000000000000000000000000000000000000000000000000000000000000000000000000000000000000000000-0020406080a0ccdefg0jkl0nop0rstjlnprtnnnnnnpppppprrssNOPQ---------------------------------------------------------------------------------------------000000000000000000000000000000000000000000000000000000000000000000000000000000000000000000000000000000000000000000000000000000000000000000000000000000------------------------------------------------------------------------------------------------------------------------------------------------------
_SEEDS_111111111111111111111111111111111111111111111111111111111000000000000000000000000000000000000000000000000000000000000000000000000000000000000000000000000000000000000000000000000000000000000000000000000000000000000000000000000000000000000000000000000000000000000000000000000000000000000000000000000000000101010101000110000000000000011111100000000000000000000000000000000000000000000000000000000000000000000000000000000000000000000000000000000000000000000000000000000000000000000000000000000000000000000000000000000000000000000000000000000000000000000000000000000000000000000000000000000000000000000000000000000000000000000000000000000000000000000000000000000000000000000000000000000000000000000000000000000000000000000000000000000000000000000000000000111111111111111111111111111111111111111111111111111111111000000000000000000000000000000000000000000000000000000000000000000000000000000000000000000000-0020406080a0ccdefg0jkl0nop0rstjlnprtnnnnnnpppppprrssNOPQ---------------------------------------------------------------------------------------------000000000000000000000000000000000000000000000000000000000000000000000000000000000000000000000000000000000000000000000000000000000000000000000000000000------------------------------------------------------------------------------------------------------------------------------------------------------;1.0;0.11071428571428565;0.19151123248876945;0.9715145037478254;0.9864039364220679;0.09267645986771629;0.5588034030401108;0.11071428571428565;0.11071428571428565;-1;111111111111111111111111111111111011111111111111111111111000000000000000000000000000000000000000000000000000000000000000000000000000000000000000000000000000000000000000000000000000000000000000000000000000000000000000000000000000000000000000000000000000000000000000000000000000000000000000000000000000110000101100001110111001010100000101010001101101000010000000000000000000000000000000000000000000000000000000000000000000000000000000000000000000000000001000010001101000000110100000001000011000000100010110010000000000000000000000000000000000000000000000000000000000000000000000000000000000000000000000000000000000000000000000000000000000000000000000000000000000000000000000000000000000000000000000000000000000000000000000000000000000000000000000000000111111111111111111111111111111111111111111111111111111111000000000000000000000000000000000000000000000000000000000000000000000000000000000000000000000-0020406080a0ccdefg0jkl0nop0rstjlnprtnnnnnnpppppprrssNOPQ---------------------------------------------------------------------------------------------000000000000000000000000000000000000000000000000000000000000000000000000000000000000000000000000000000000000000000000000000000000000000000000000000000------------------------------------------------------------------------------------------------------------------------------------------------------
_SEEDS_111111111111111111111111111111111111111111111111111111111000000000000000000000000000000000000000000000000000000000000000000000000000000000000000000000000000000000000000000000000000000000000000000000000000000000000000000000000000000000000000000000000000000000000000000000000000000000000000000000000000000101010101000110000000000000011111100000000000000000000000000000000000000000000000000000000000000000000000000000000000000000000000000000000000000000000000000000000000000000000000000000000000000000000000000000000000000000000000000000000000000000000000000000000000000000000000000000000000000000000000000000000000000000000000000000000000000000000000000000000000000000000000000000000000000000000000000000000000000000000000000000000000000000000000000000111111111111111111111111111111111111111111111111111111111000000000000000000000000000000000000000000000000000000000000000000000000000000000000000000000-0020406080a0ccdefg0jkl0nop0rstjlnprtnnnnnnpppppprrssNOPQ---------------------------------------------------------------------------------------------000000000000000000000000000000000000000000000000000000000000000000000000000000000000000000000000000000000000000000000000000000000000000000000000000000------------------------------------------------------------------------------------------------------------------------------------------------------;1.0;0.10498015873015865;0.032745961820851766;0.957116668240287;0.9797878845083046;0.07191814823625241;0.524424803589309;0.10498015873015865;0.10498015873015865;-1;011111111111111111111111111111111111111111111111111111111000000000000000000000000000000000000000000000000000000000000000000000000000000000000000000000000000000000000000000000000000000000000000000000000000000000000000000000000000000000000000000000000000000000000000000000000000000000000000000000000000100101001101111100000100010001011101011001010111011110101000000000000000000000000000000000000000000000000000000000000000000000000000000000000000000000010000000000000010000000101010000010110001000000000101010000000000000000000000000000000000000000000000000000000000000000000000000000000000000000000000000000000000000000000000000000000000000000000000000000000000000000000000000000000000000000000000000000000000000000000000000000000000000000000000000000111111111111111111111111111111111111111111111111111111111000000000000000000000000000000000000000000000000000000000000000000000000000000000000000000000-0020406080a0ccdefg0jkl0nop0rstjlnprtnnnnnnpppppprrssNOPQ---------------------------------------------------------------------------------------------000000000000000000000000000000000000000000000000000000000000000000000000000000000000000000000000000000000000000000000000000000000000000000000000000000------------------------------------------------------------------------------------------------------------------------------------------------------
_SEEDS_111111111111111111111111111111111111111111111111111111111000000000000000000000000000000000000000000000000000000000000000000000000000000000000000000000000000000000000000000000000000000000000000000000000000000000000000000000000000000000000000000000000000000000000000000000000000000000000000000000000000000101010101000110000000000000011111100000000000000000000000000000000000000000000000000000000000000000000000000000000000000000000000000000000000000000000000000000000000000000000000000000000000000000000000000000000000000000000000000000000000000000000000000000000000000000000000000000000000000000000000000000000000000000000000000000000000000000000000000000000000000000000000000000000000000000000000000000000000000000000000000000000000000000000000000000111111111111111111111111111111111111111111111111111111111000000000000000000000000000000000000000000000000000000000000000000000000000000000000000000000-0020406080a0ccdefg0jkl0nop0rstjlnprtnnnnnnpppppprrssNOPQ---------------------------------------------------------------------------------------------000000000000000000000000000000000000000000000000000000000000000000000000000000000000000000000000000000000000000000000000000000000000000000000000000000------------------------------------------------------------------------------------------------------------------------------------------------------;1.0;0.10113095238095238;0.05054551967162324;0.9446175393035314;0.9710920517161037;0.0716000466808256;0.523164351625506;0.10113095238095238;0.10113095238095238;-1;111101111111111111111111111111111111111111011111111111111000000000000000000000000000000000000000000000000000000000000000000000000000000000000000000000000000000000000000000000000000000000000000000000000000000000000000000000000000000000000000000000000000000000000000000000000000000000000000000000000000000010001101100010001001000100111100000101110010101000100000000000000000000000000000000000000000000000000000000000000000000000000000000000000000000000111000010000001000000000111011000001001000100010000110100000000000000000000000000000000000000000000000000000000000000000000000000000000000000000000000000000000000000000000000000000000000000000000000000000000000000000000000000000000000000000000000000000000000000000000000000000000000000000000000000000111111111111111111111111111111111111111111111111111111111000000000000000000000000000000000000000000000000000000000000000000000000000000000000000000000-0020406080a0ccdefg0jkl0nop0rstjlnprtnnnnnnpppppprrssNOPQ---------------------------------------------------------------------------------------------000000000000000000000000000000000000000000000000000000000000000000000000000000000000000000000000000000000000000000000000000000000000000000000000000000------------------------------------------------------------------------------------------------------------------------------------------------------
_SEEDS_111111111111111111111111111111111111111111111111111111111000000000000000000000000000000000000000000000000000000000000000000000000000000000000000000000000000000000000000000000000000000000000000000000000000000000000000000000000000000000000000000000000000000000000000000000000000000000000000000000000000000101010101000110000000000000011111100000000000000000000000000000000000000000000000000000000000000000000000000000000000000000000000000000000000000000000000000000000000000000000000000000000000000000000000000000000000000000000000000000000000000000000000000000000000000000000000000000000000000000000000000000000000000000000000000000000000000000000000000000000000000000000000000000000000000000000000000000000000000000000000000000000000000000000000000000111111111111111111111111111111111111111111111111111111111000000000000000000000000000000000000000000000000000000000000000000000000000000000000000000000-0020406080a0ccdefg0jkl0nop0rstjlnprtnnnnnnpppppprrssNOPQ---------------------------------------------------------------------------------------------000000000000000000000000000000000000000000000000000000000000000000000000000000000000000000000000000000000000000000000000000000000000000000000000000000------------------------------------------------------------------------------------------------------------------------------------------------------;1.0;0.10105158730158736;0.14413760984063573;0.9674151973220416;0.9862745587495964;0.08252913414503744;0.5469013478931497;0.10105158730158736;0.10105158730158736;-1;111111111111111111111111111111111111111111111111111111111000000000000000000000000000000000000000000000000000000000000000000000000000000000000000000000000000000000000000000000000000000000000000000000000000000000000000000000000000000000000000000000000000000000000000000000000000000000000000000000000000101000110010000011010000011110110100000011101101101011111000000000000000000000000000000000000000000000000000000000000000000000000000000000000000000000000000001100001010001010001000001000000000000000000000000000000000000000000000000000000000000000000000000000000000000000000000000000000000000000000000000000000000000000000000000000000000000000000000000000000000000000000000000000000000000000000000000000000000000000000000000000000000000000000000000000111111111111111111111111111111111111111111111111111111111000000000000000000000000000000000000000000000000000000000000000000000000000000000000000000000-0020406080a0ccdefg0jkl0nop0rstjlnprtnnnnnnpppppprrssNOPQ---------------------------------------------------------------------------------------------000000000000000000000000000000000000000000000000000000000000000000000000000000000000000000000000000000000000000000000000000000000000000000000000000000------------------------------------------------------------------------------------------------------------------------------------------------------
_SEEDS_111111111111111111111111111111111111111111111111111111111000000000000000000000000000000000000000000000000000000000000000000000000000000000000000000000000000000000000000000000000000000000000000000000000000000000000000000000000000000000000000000000000000000000000000000000000000000000000000000000000000000101010101000110000000000000011111100000000000000000000000000000000000000000000000000000000000000000000000000000000000000000000000000000000000000000000000000000000000000000000000000000000000000000000000000000000000000000000000000000000000000000000000000000000000000000000000000000000000000000000000000000000000000000000000000000000000000000000000000000000000000000000000000000000000000000000000000000000000000000000000000000000000000000000000000000111111111111111111111111111111111111111111111111111111111000000000000000000000000000000000000000000000000000000000000000000000000000000000000000000000-0020406080a0ccdefg0jkl0nop0rstjlnprtnnnnnnpppppprrssNOPQ---------------------------------------------------------------------------------------------000000000000000000000000000000000000000000000000000000000000000000000000000000000000000000000000000000000000000000000000000000000000000000000000000000------------------------------------------------------------------------------------------------------------------------------------------------------;1.0;0.0950000000000003;0.0;0.957572868610301;0.9814360591699579;0.07485821170741795;0.5181445232479461;0.0950000000000003;0.0950000000000003;-1;111111111111111111111111111111111111111111111111111111111000000000000000000000000000000000000000000000000000000000000000000000000000000000000000000000000000000000000000000000000000000000000000000000000000000000000000000000000000000000000000000000000000000000000000000000000000000000000000000000000000100100011010011110110000000101000001011010000010010010110000000000000000000000000000000000000000000000000000000000000000000000000000000000000000000000001001110001000000000100101000011010001000000011000001000000000000000000000000000000000000000000000000000000000000000000000000000000000000000000000000000000000000000000000000000000000000000000000000000000000000000000000000000000000000000000000000000000000000000000000000000000000000000000000000000000111111111111111111111111111111111111111111111111111111111000000000000000000000000000000000000000000000000000000000000000000000000000000000000000000000-0020406080a0ccdefg0jkl0nop0rstjlnprtnnnnnnpppppprrssNOPQ---------------------------------------------------------------------------------------------000000000000000000000000000000000000000000000000000000000000000000000000000000000000000000000000000000000000000000000000000000000000000000000000000000------------------------------------------------------------------------------------------------------------------------------------------------------
_SEEDS_111111111111111111111111111111111111111111111111111111111000000000000000000000000000000000000000000000000000000000000000000000000000000000000000000000000000000000000000000000000000000000000000000000000000000000000000000000000000000000000000000000000000000000000000000000000000000000000000000000000000000101010101000110000000000000011111100000000000000000000000000000000000000000000000000000000000000000000000000000000000000000000000000000000000000000000000000000000000000000000000000000000000000000000000000000000000000000000000000000000000000000000000000000000000000000000000000000000000000000000000000000000000000000000000000000000000000000000000000000000000000000000000000000000000000000000000000000000000000000000000000000000000000000000000000000111111111111111111111111111111111111111111111111111111111000000000000000000000000000000000000000000000000000000000000000000000000000000000000000000000-0020406080a0ccdefg0jkl0nop0rstjlnprtnnnnnnpppppprrssNOPQ---------------------------------------------------------------------------------------------000000000000000000000000000000000000000000000000000000000000000000000000000000000000000000000000000000000000000000000000000000000000000000000000000000------------------------------------------------------------------------------------------------------------------------------------------------------;1.0;0.07142857142857151;0.0;0.9456928325884694;0.981588468004447;0.09548401411620341;0.5156989810229485;0.07142857142857151;0.07142857142857151;-1;111111111111111111111111011001111111111011111111111111111000000000000000000000000000000000000000000000000000000000000000000000000000000000000000000000000000000000000000000000000000000000000000000000000000000000000000000000000000000000000000000000000000000000000000000000000000000000000000000000000000111010110000111110001001101100011001101011000000011011100000000000000000000000000000000000000000000000000000000000000000000000000000000000000000000000000001001010100001010111010010001010000100000011100000000000000000000000000000000000000000000000000000000000000000000000000000000000000000000000000000000000000000000000000000000000000000000000000000000000000000000000000000000000000000000000000000000000000000000000000000000000000000000000000000000000111111111111111111111111111111111111111111111111111111111000000000000000000000000000000000000000000000000000000000000000000000000000000000000000000000-0020406080a0ccdefg0jkl0nop0rstjlnprtnnnnnnpppppprrssNOPQ---------------------------------------------------------------------------------------------000000000000000000000000000000000000000000000000000000000000000000000000000000000000000000000000000000000000000000000000000000000000000000000000000000------------------------------------------------------------------------------------------------------------------------------------------------------
_SEEDS_111111111111111111111111111111111111111111111111111111111000000000000000000000000000000000000000000000000000000000000000000000000000000000000000000000000000000000000000000000000000000000000000000000000000000000000000000000000000000000000000000000000000000000000000000000000000000000000000000000000000000101010101000110000000000000011111100000000000000000000000000000000000000000000000000000000000000000000000000000000000000000000000000000000000000000000000000000000000000000000000000000000000000000000000000000000000000000000000000000000000000000000000000000000000000000000000000000000000000000000000000000000000000000000000000000000000000000000000000000000000000000000000000000000000000000000000000000000000000000000000000000000000000000000000000000111111111111111111111111111111111111111111111111111111111000000000000000000000000000000000000000000000000000000000000000000000000000000000000000000000-0020406080a0ccdefg0jkl0nop0rstjlnprtnnnnnnpppppprrssNOPQ---------------------------------------------------------------------------------------------000000000000000000000000000000000000000000000000000000000000000000000000000000000000000000000000000000000000000000000000000000000000000000000000000000------------------------------------------------------------------------------------------------------------------------------------------------------;1.0;0.12503968253968234;0.17644429632013614;0.9607479213592226;0.9781501960024835;0.06297672847795167;0.5505598041165793;0.12503968253968234;0.12503968253968234;-1;111111111011111111111111111111111111111111111111111110111000000000000000000000000000000000000000000000000000000000000000000000000000000000000000000000000000000000000000000000000000000000000000000000000000000000000000000000000000000000000000000000000000000000000000000000000000000000000000000000000000110100000000010010010001001101110101010000100000011001010000000000000000000000000000000000000000000000000000000000000000000000000000000000000000000000000000000101000000010100000000001001100010001000000000010000000000000000000000000000000000000000000000000000000000000000000000000000000000000000000000000000000000000000000000000000000000000000000000000000000000000000000000000000000000000000000000000000000000000000000000000000000000000000000000000000111111111111111111111111111111111111111111111111111111111000000000000000000000000000000000000000000000000000000000000000000000000000000000000000000000-0020406080a0ccdefg0jkl0nop0rstjlnprtnnnnnnpppppprrssNOPQ---------------------------------------------------------------------------------------------000000000000000000000000000000000000000000000000000000000000000000000000000000000000000000000000000000000000000000000000000000000000000000000000000000------------------------------------------------------------------------------------------------------------------------------------------------------
_SEEDS_111111111111111111111111111111111111111111111111111111111000000000000000000000000000000000000000000000000000000000000000000000000000000000000000000000000000000000000000000000000000000000000000000000000000000000000000000000000000000000000000000000000000000000000000000000000000000000000000000000000000000101010101000110000000000000011111100000000000000000000000000000000000000000000000000000000000000000000000000000000000000000000000000000000000000000000000000000000000000000000000000000000000000000000000000000000000000000000000000000000000000000000000000000000000000000000000000000000000000000000000000000000000000000000000000000000000000000000000000000000000000000000000000000000000000000000000000000000000000000000000000000000000000000000000000000111111111111111111111111111111111111111111111111111111111000000000000000000000000000000000000000000000000000000000000000000000000000000000000000000000-0020406080a0ccdefg0jkl0nop0rstjlnprtnnnnnnpppppprrssNOPQ---------------------------------------------------------------------------------------------000000000000000000000000000000000000000000000000000000000000000000000000000000000000000000000000000000000000000000000000000000000000000000000000000000------------------------------------------------------------------------------------------------------------------------------------------------------;1.0;0.09738095238095235;0.13459042660427678;0.9588885197507494;0.979146657264308;0.07038508377303723;0.540065273295554;0.09738095238095235;0.09738095238095235;-1;111111111111111111111111111111111011111111111111111111111000000000000000000000000000000000000000000000000000000000000000000000000000000000000000000000000000000000000000000000000000000000000000000000000000000000000000000000000000000000000000000000000000000000000000000000000000000000000000000000000000111010010010100011101100001000010100000100111001011011010000000000000000000000000000000000000000000000000000000000000000000000000000000000000000000000000100010010001100010001110010001000000010000010100100000000000000000000000000000000000000000000000000000000000000000000000000000000000000000000000000000000000000000000000000000000000000000000000000000000000000000000000000000000000000000000000000000000000000000000000000000000000000000000000000000000111111111111111111111111111111111111111111111111111111111000000000000000000000000000000000000000000000000000000000000000000000000000000000000000000000-0020406080a0ccdefg0jkl0nop0rstjlnprtnnnnnnpppppprrssNOPQ---------------------------------------------------------------------------------------------000000000000000000000000000000000000000000000000000000000000000000000000000000000000000000000000000000000000000000000000000000000000000000000000000000------------------------------------------------------------------------------------------------------------------------------------------------------
_SEEDS_111111111111111111111111111111111111111111111111111111111000000000000000000000000000000000000000000000000000000000000000000000000000000000000000000000000000000000000000000000000000000000000000000000000000000000000000000000000000000000000000000000000000000000000000000000000000000000000000000000000000000101010101000110000000000000011111100000000000000000000000000000000000000000000000000000000000000000000000000000000000000000000000000000000000000000000000000000000000000000000000000000000000000000000000000000000000000000000000000000000000000000000000000000000000000000000000000000000000000000000000000000000000000000000000000000000000000000000000000000000000000000000000000000000000000000000000000000000000000000000000000000000000000000000000000000111111111111111111111111111111111111111111111111111111111000000000000000000000000000000000000000000000000000000000000000000000000000000000000000000000-0020406080a0ccdefg0jkl0nop0rstjlnprtnnnnnnpppppprrssNOPQ---------------------------------------------------------------------------------------------000000000000000000000000000000000000000000000000000000000000000000000000000000000000000000000000000000000000000000000000000000000000000000000000000000------------------------------------------------------------------------------------------------------------------------------------------------------;1.0;0.11019841269841235;0.06884593419097129;0.9747525159040823;0.9861279587488431;0.0856901524117848;0.5376024956590156;0.11019841269841235;0.11019841269841235;-1;111111111111111111111111111111111111111111111111111111111000000000000000000000000000000000000000000000000000000000000000000000000000000000000000000000000000000000000000000000000000000000000000000000000000000000000000000000000000000000000000000000000000000000000000000000000000000000000000000000000000000100111100000011011001001000001010101000011001000100110000000000000000000000000000000000000000000000000000000000000000000000000000000000000000000000001000000101001000000000000111000001010000001010010010000000000000000000000000000000000000000000000000000000000000000000000000000000000000000000000000000000000000000000000000000000000000000000000000000000000000000000000000000000000000000000000000000000000000000000000000000000000000000000000000000000111111111111111111111111111111111111111111111111111111111000000000000000000000000000000000000000000000000000000000000000000000000000000000000000000000-0020406080a0ccdefg0jkl0nop0rstjlnprtnnnnnnpppppprrssNOPQ---------------------------------------------------------------------------------------------000000000000000000000000000000000000000000000000000000000000000000000000000000000000000000000000000000000000000000000000000000000000000000000000000000------------------------------------------------------------------------------------------------------------------------------------------------------
_SEEDS_111111111111111111111111111111111111111111111111111111111000000000000000000000000000000000000000000000000000000000000000000000000000000000000000000000000000000000000000000000000000000000000000000000000000000000000000000000000000000000000000000000000000000000000000000000000000000000000000000000000000000101010101000110000000000000011111100000000000000000000000000000000000000000000000000000000000000000000000000000000000000000000000000000000000000000000000000000000000000000000000000000000000000000000000000000000000000000000000000000000000000000000000000000000000000000000000000000000000000000000000000000000000000000000000000000000000000000000000000000000000000000000000000000000000000000000000000000000000000000000000000000000000000000000000000000111111111111111111111111111111111111111111111111111111111000000000000000000000000000000000000000000000000000000000000000000000000000000000000000000000-0020406080a0ccdefg0jkl0nop0rstjlnprtnnnnnnpppppprrssNOPQ---------------------------------------------------------------------------------------------000000000000000000000000000000000000000000000000000000000000000000000000000000000000000000000000000000000000000000000000000000000000000000000000000000------------------------------------------------------------------------------------------------------------------------------------------------------;1.0;0.09999999999999998;0.17649027238903892;0.9536358867419618;0.9753449212487393;0.07100950018152445;0.5460800967602107;0.09999999999999998;0.09999999999999998;-1;111111111111111111111111111111111101111111111111110111111000000000000000000000000000000000000000000000000000000000000000000000000000000000000000000000000000000000000000000000000000000000000000000000000000000000000000000000000000000000000000000000000000000000000000000000000000000000000000000000000000110000010000111100001111000110010000101111001000011010000000000000000000000000000000000000000000000000000000000000000000000000000000000000000000000000001110000111000000100000110010101010010000000011010000010000000000000000000000000000000000000000000000000000000000000000000000000000000000000000000000000000000000000000000000000000000000000000000000000000000000000000000000000000000000000000000000000000000000000000000000000000000000000000000000000000111111111111111111111111111111111111111111111111111111111000000000000000000000000000000000000000000000000000000000000000000000000000000000000000000000-0020406080a0ccdefg0jkl0nop0rstjlnprtnnnnnnpppppprrssNOPQ---------------------------------------------------------------------------------------------000000000000000000000000000000000000000000000000000000000000000000000000000000000000000000000000000000000000000000000000000000000000000000000000000000------------------------------------------------------------------------------------------------------------------------------------------------------
_SEEDS_111111111111111111111111111111111111111111111111111111111000000000000000000000000000000000000000000000000000000000000000000000000000000000000000000000000000000000000000000000000000000000000000000000000000000000000000000000000000000000000000000000000000000000000000000000000000000000000000000000000000000101010101000110000000000000011111100000000000000000000000000000000000000000000000000000000000000000000000000000000000000000000000000000000000000000000000000000000000000000000000000000000000000000000000000000000000000000000000000000000000000000000000000000000000000000000000000000000000000000000000000000000000000000000000000000000000000000000000000000000000000000000000000000000000000000000000000000000000000000000000000000000000000000000000000000111111111111111111111111111111111111111111111111111111111000000000000000000000000000000000000000000000000000000000000000000000000000000000000000000000-0020406080a0ccdefg0jkl0nop0rstjlnprtnnnnnnpppppprrssNOPQ---------------------------------------------------------------------------------------------000000000000000000000000000000000000000000000000000000000000000000000000000000000000000000000000000000000000000000000000000000000000000000000000000000------------------------------------------------------------------------------------------------------------------------------------------------------;1.0;0.09966269841269837;0.05736862745098048;0.9577363981920339;0.976784885233681;0.07282862473346814;0.5273968723371436;0.09966269841269837;0.09966269841269837;-1;111111111111111111111111111111111111111011111101111111111100000000000000000000000000000000000000000000000000000000000000000000000000000000000000000000000000000000000000000000000000000000000000000000000000000000000000000000000000000000000000000000000000000000000000000000000000000000000000000000000000011010000110001000110110010001001110101110000111010101110000000000000000000000000000000000000000000000000000000000000000000000000000000000000000000000000001001001000000001000100010001001000100100000101100100000000000000000000000000000000000000000000000000000000000000000000000000000000000000000000000000000000000000000000000000000000000000000000000000000000000000000000000000000000000000000000000000000000000000000000000000000000000000000000000000000111111111111111111111111111111111111111111111111111111111000000000000000000000000000000000000000000000000000000000000000000000000000000000000000000000-0020406080a0ccdefg0jkl0nop0rstjlnprtnnnnnnpppppprrssNOPQ---------------------------------------------------------------------------------------------000000000000000000000000000000000000000000000000000000000000000000000000000000000000000000000000000000000000000000000000000000000000000000000000000000------------------------------------------------------------------------------------------------------------------------------------------------------
_SEEDS_111111111111111111111111111111111111111111111111111111111000000000000000000000000000000000000000000000000000000000000000000000000000000000000000000000000000000000000000000000000000000000000000000000000000000000000000000000000000000000000000000000000000000000000000000000000000000000000000000000000000000101010101000110000000000000011111100000000000000000000000000000000000000000000000000000000000000000000000000000000000000000000000000000000000000000000000000000000000000000000000000000000000000000000000000000000000000000000000000000000000000000000000000000000000000000000000000000000000000000000000000000000000000000000000000000000000000000000000000000000000000000000000000000000000000000000000000000000000000000000000000000000000000000000000000000111111111111111111111111111111111111111111111111111111111000000000000000000000000000000000000000000000000000000000000000000000000000000000000000000000-0020406080a0ccdefg0jkl0nop0rstjlnprtnnnnnnpppppprrssNOPQ---------------------------------------------------------------------------------------------000000000000000000000000000000000000000000000000000000000000000000000000000000000000000000000000000000000000000000000000000000000000000000000000000000------------------------------------------------------------------------------------------------------------------------------------------------------;1.0;0.08744047619047635;0.027853881278538828;0.9596229513761306;0.9818104022473192;0.08391565002678078;0.523440560186541;0.08744047619047635;0.08744047619047635;-1;111111111111111111111111111111111111111111111111111111111000000000000000000000000000000000000000000000000000000000000000000000000000000000000000000000000000000000000000000000000000000000000000000000000000000000000000000000000000000000000000000000000000000000000000000000000000000000000000000000000000010111000101011110000001100011110100001110101010101000010000000000000000000000000000000000000000000000000000000000000000000000000000000000000000000000100011010000100001010011011001000010000001000100001100000000000000000000000000000000000000000000000000000000000000000000000000000000000000000000000000000000000000000000000000000000000000000000000000000000000000000000000000000000000000000000000000000000000000000000000000000000000000000000000000000000111111111111111111111111111111111111111111111111111111111000000000000000000000000000000000000000000000000000000000000000000000000000000000000000000000-0020406080a0ccdefg0jkl0nop0rstjlnprtnnnnnnpppppprrssNOPQ---------------------------------------------------------------------------------------------000000000000000000000000000000000000000000000000000000000000000000000000000000000000000000000000000000000000000000000000000000000000000000000000000000------------------------------------------------------------------------------------------------------------------------------------------------------
_SEEDS_111111111111111111111111111111111111111111111111111111111000000000000000000000000000000000000000000000000000000000000000000000000000000000000000000000000000000000000000000000000000000000000000000000000000000000000000000000000000000000000000000000000000000000000000000000000000000000000000000000000000000101010101000110000000000000011111100000000000000000000000000000000000000000000000000000000000000000000000000000000000000000000000000000000000000000000000000000000000000000000000000000000000000000000000000000000000000000000000000000000000000000000000000000000000000000000000000000000000000000000000000000000000000000000000000000000000000000000000000000000000000000000000000000000000000000000000000000000000000000000000000000000000000000000000000000111111111111111111111111111111111111111111111111111111111000000000000000000000000000000000000000000000000000000000000000000000000000000000000000000000-0020406080a0ccdefg0jkl0nop0rstjlnprtnnnnnnpppppprrssNOPQ---------------------------------------------------------------------------------------------000000000000000000000000000000000000000000000000000000000000000000000000000000000000000000000000000000000000000000000000000000000000000000000000000000------------------------------------------------------------------------------------------------------------------------------------------------------;1.0;0.08343253968253961;0.03278463648834018;0.9657517066097685;0.9892054367201426;0.08940608678729231;0.5267634010480139;0.08343253968253961;0.08343253968253961;-1;111111111111111111111111111111111111111111110111111111111100000000000000000000000000000000000000000000000000000000000000000000000000000000000000000000000000000000000000000000000000000000000000000000000000000000000000000000000000000000000000000000000000000000000000000000000000000000000000000000000000111001101001111010110010000111100000000100001100010000100000000000000000000000000000000000000000000000000000000000000000000000000000000000000000000000000010001010010110000000000000101001000010111001100001001000000000000000000000000000000000000000000000000000000000000000000000000000000000000000000000000000000000000000000000000000000000000000000000000000000000000000000000000000000000000000000000000000000000000000000000000000000000000000000000000000111111111111111111111111111111111111111111111111111111111000000000000000000000000000000000000000000000000000000000000000000000000000000000000000000000-0020406080a0ccdefg0jkl0nop0rstjlnprtnnnnnnpppppprrssNOPQ---------------------------------------------------------------------------------------------000000000000000000000000000000000000000000000000000000000000000000000000000000000000000000000000000000000000000000000000000000000000000000000000000000------------------------------------------------------------------------------------------------------------------------------------------------------
_SEEDS_111111111111111111111111111111111111111111111111111111111000000000000000000000000000000000000000000000000000000000000000000000000000000000000000000000000000000000000000000000000000000000000000000000000000000000000000000000000000000000000000000000000000000000000000000000000000000000000000000000000000000101010101000110000000000000011111100000000000000000000000000000000000000000000000000000000000000000000000000000000000000000000000000000000000000000000000000000000000000000000000000000000000000000000000000000000000000000000000000000000000000000000000000000000000000000000000000000000000000000000000000000000000000000000000000000000000000000000000000000000000000000000000000000000000000000000000000000000000000000000000000000000000000000000000000000111111111111111111111111111111111111111111111111111111111000000000000000000000000000000000000000000000000000000000000000000000000000000000000000000000-0020406080a0ccdefg0jkl0nop0rstjlnprtnnnnnnpppppprrssNOPQ---------------------------------------------------------------------------------------------000000000000000000000000000000000000000000000000000000000000000000000000000000000000000000000000000000000000000000000000000000000000000000000000000000------------------------------------------------------------------------------------------------------------------------------------------------------;1.0;0.10950396825396835;0.10999713518021847;0.9700720313212243;0.9826419623571142;0.07643680761905455;0.5414419841219299;0.10950396825396835;0.10950396825396835;-1;111111111111111111111111111111111111111111111111111111111000000000000000000000000000000000000000000000000000000000000000000000000000000000000000000000000000000000000000000000000000000000000000000000000000000000000000000000000000000000000000000000000000000000000000000000000000000000000000000000000000111000101011101110001001000100110100000010101011001010110000000000000000000000000000000000000000000000000000000000000000000000000000000000000000000000000100000000000001110000010000000000000101000000100000001000000000000000000000000000000000000000000000000000000000000000000000000000000000000000000000000000000000000000000000000000000000000000000000000000000000000000000000000000000000000000000000000000000000000000000000000000000000000000000000000000111111111111111111111111111111111111111111111111111111111000000000000000000000000000000000000000000000000000000000000000000000000000000000000000000000-0020406080a0ccdefg0jkl0nop0rstjlnprtnnnnnnpppppprrssNOPQ---------------------------------------------------------------------------------------------000000000000000000000000000000000000000000000000000000000000000000000000000000000000000000000000000000000000000000000000000000000000000000000000000000------------------------------------------------------------------------------------------------------------------------------------------------------
_SEEDS_111111111111111111111111111111111111111111111111111111111000000000000000000000000000000000000000000000000000000000000000000000000000000000000000000000000000000000000000000000000000000000000000000000000000000000000000000000000000000000000000000000000000000000000000000000000000000000000000000000000000000101010101000110000000000000011111100000000000000000000000000000000000000000000000000000000000000000000000000000000000000000000000000000000000000000000000000000000000000000000000000000000000000000000000000000000000000000000000000000000000000000000000000000000000000000000000000000000000000000000000000000000000000000000000000000000000000000000000000000000000000000000000000000000000000000000000000000000000000000000000000000000000000000000000000000111111111111111111111111111111111111111111111111111111111000000000000000000000000000000000000000000000000000000000000000000000000000000000000000000000-0020406080a0ccdefg0jkl0nop0rstjlnprtnnnnnnpppppprrssNOPQ---------------------------------------------------------------------------------------------000000000000000000000000000000000000000000000000000000000000000000000000000000000000000000000000000000000000000000000000000000000000000000000000000000------------------------------------------------------------------------------------------------------------------------------------------------------;1.0;0.08464285714285724;0.03163120567375877;0.9502141235564165;0.9764765005707865;0.08388590716656141;0.5211417656850634;0.08464285714285724;0.08464285714285724;-1;111111111111111111111111111111111111111111111111111111111000000000000000000000000000000000000000000000000000000000000000000000000000000000000000000000000000000000000000000000000000000000000000000000000000000000000000000000000000000000000000000000000000000000000000000000000000000000000000000000000000001011110000111001101110111010101101110100100000111001110000000000000000000000000000000000000000000000000000000000000000000000000000000000000000000000110101100000000000010001010000000010001001010001010000001000000000000000000000000000000000000000000000000000000000000000000000000000000000000000000000000000000000000000000000000000000000000000000000000000000000000000000000000000000000000000000000000000000000000000000000000000000000000000000000000000111111111111111111111111111111111111111111111111111111111000000000000000000000000000000000000000000000000000000000000000000000000000000000000000000000-0020406080a0ccdefg0jkl0nop0rstjlnprtnnnnnnpppppprrssNOPQ---------------------------------------------------------------------------------------------000000000000000000000000000000000000000000000000000000000000000000000000000000000000000000000000000000000000000000000000000000000000000000000000000000------------------------------------------------------------------------------------------------------------------------------------------------------
_SEEDS_111111111111111111111111111111111111111111111111111111111000000000000000000000000000000000000000000000000000000000000000000000000000000000000000000000000000000000000000000000000000000000000000000000000000000000000000000000000000000000000000000000000000000000000000000000000000000000000000000000000000000101010101000110000000000000011111100000000000000000000000000000000000000000000000000000000000000000000000000000000000000000000000000000000000000000000000000000000000000000000000000000000000000000000000000000000000000000000000000000000000000000000000000000000000000000000000000000000000000000000000000000000000000000000000000000000000000000000000000000000000000000000000000000000000000000000000000000000000000000000000000000000000000000000000000000111111111111111111111111111111111111111111111111111111111000000000000000000000000000000000000000000000000000000000000000000000000000000000000000000000-0020406080a0ccdefg0jkl0nop0rstjlnprtnnnnnnpppppprrssNOPQ---------------------------------------------------------------------------------------------000000000000000000000000000000000000000000000000000000000000000000000000000000000000000000000000000000000000000000000000000000000000000000000000000000------------------------------------------------------------------------------------------------------------------------------------------------------;1.0;0.09480158730158728;0.08492065255390757;0.9584355889392885;0.9813329442896646;0.0827495320284069;0.5337067175188092;0.09480158730158728;0.09480158730158728;-1;111111111111111111111111111111111111101111111111111111111100000000000000000000000000000000000000000000000000000000000000000000000000000000000000000000000000000000000000000000000000000000000000000000000000000000000000000000000000000000000000000000000000000000000000000000000000000000000000000000000000110010100011111100000111010011000101111111010101100010111000000000000000000000000000000000000000000000000000000000000000000000000000000000000000000000000010000000010001001000101100100100000000001010000000000000000000000000000000000000000000000000000000000000000000000000000000000000000000000000000000000000000000000000000000000000000000000000000000000000000000000000000000000000000000000000000000000000000000000000000000000000000000000000000000000000111111111111111111111111111111111111111111111111111111111000000000000000000000000000000000000000000000000000000000000000000000000000000000000000000000-0020406080a0ccdefg0jkl0nop0rstjlnprtnnnnnnpppppprrssNOPQ---------------------------------------------------------------------------------------------000000000000000000000000000000000000000000000000000000000000000000000000000000000000000000000000000000000000000000000000000000000000000000000000000000------------------------------------------------------------------------------------------------------------------------------------------------------
_SEEDS_111111111111111111111111111111111111111111111111111111111000000000000000000000000000000000000000000000000000000000000000000000000000000000000000000000000000000000000000000000000000000000000000000000000000000000000000000000000000000000000000000000000000000000000000000000000000000000000000000000000000000101010101000110000000000000011111100000000000000000000000000000000000000000000000000000000000000000000000000000000000000000000000000000000000000000000000000000000000000000000000000000000000000000000000000000000000000000000000000000000000000000000000000000000000000000000000000000000000000000000000000000000000000000000000000000000000000000000000000000000000000000000000000000000000000000000000000000000000000000000000000000000000000000000000000000111111111111111111111111111111111111111111111111111111111000000000000000000000000000000000000000000000000000000000000000000000000000000000000000000000-0020406080a0ccdefg0jkl0nop0rstjlnprtnnnnnnpppppprrssNOPQ---------------------------------------------------------------------------------------------000000000000000000000000000000000000000000000000000000000000000000000000000000000000000000000000000000000000000000000000000000000000000000000000000000------------------------------------------------------------------------------------------------------------------------------------------------------;1.0;0.07956349206349189;0.022898550724637645;0.9522966967414817;0.9794870453911662;0.07484341611985847;0.5181815335067727;0.07956349206349189;0.07956349206349189;-1;111111111111111111111111111111111111111111111111111111111000000000000000000000000000000000000000000000000000000000000000000000000000000000000000000000000000000000000000000000000000000000000000000000000000000000000000000000000000000000000000000000000000000000000000000000000000000000000000000000000000000011101010011100010110011001100001011000111011110100101000000000000000000000000000000000000000000000000000000000000000000000000000000000000000000000000010010011000110110000000000011110110100000100000000010000000000000000000000000000000000000000000000000000000000000000000000000000000000000000000000000000000000000000000000000000000000000000000000000000000000000000000000000000000000000000000000000000000000000000000000000000000000000000000000000000111111111111111111111111111111111111111111111111111111111000000000000000000000000000000000000000000000000000000000000000000000000000000000000000000000-0020406080a0ccdefg0jkl0nop0rstjlnprtnnnnnnpppppprrssNOPQ---------------------------------------------------------------------------------------------000000000000000000000000000000000000000000000000000000000000000000000000000000000000000000000000000000000000000000000000000000000000000000000000000000------------------------------------------------------------------------------------------------------------------------------------------------------
_SEEDS_111111111111111111111111111111111111111111111111111111111000000000000000000000000000000000000000000000000000000000000000000000000000000000000000000000000000000000000000000000000000000000000000000000000000000000000000000000000000000000000000000000000000000000000000000000000000000000000000000000000000000101010101000110000000000000011111100000000000000000000000000000000000000000000000000000000000000000000000000000000000000000000000000000000000000000000000000000000000000000000000000000000000000000000000000000000000000000000000000000000000000000000000000000000000000000000000000000000000000000000000000000000000000000000000000000000000000000000000000000000000000000000000000000000000000000000000000000000000000000000000000000000000000000000000000000111111111111111111111111111111111111111111111111111111111000000000000000000000000000000000000000000000000000000000000000000000000000000000000000000000-0020406080a0ccdefg0jkl0nop0rstjlnprtnnnnnnpppppprrssNOPQ---------------------------------------------------------------------------------------------000000000000000000000000000000000000000000000000000000000000000000000000000000000000000000000000000000000000000000000000000000000000000000000000000000------------------------------------------------------------------------------------------------------------------------------------------------------;1.0;0.08704365079365095;0.0;0.9501678192144668;0.9821856473076901;0.09556524218057588;0.5191603932493972;0.08704365079365095;0.08704365079365095;-1;111111111111111111111111110111111111111011111111111111111100000000000000000000000000000000000000000000000000000000000000000000000000000000000000000000000000000000000000000000000000000000000000000000000000000000000000000000000000000000000000000000000000000000000000000000000000000000000000000000000000111011000001010011011001111100110100100111000100110000011000000000000000000000000000000000000000000000000000000000000000000000000000000000000000000000000000001010000100010001010000101100000100000000011011000000000000000000000000000000000000000000000000000000000000000000000000000000000000000000000000000000000000000000000000000000000000000000000000000000000000000000000000000000000000000000000000000000000000000000000000000000000000000000000000000000111111111111111111111111111111111111111111111111111111111000000000000000000000000000000000000000000000000000000000000000000000000000000000000000000000-0020406080a0ccdefg0jkl0nop0rstjlnprtnnnnnnpppppprrssNOPQ---------------------------------------------------------------------------------------------000000000000000000000000000000000000000000000000000000000000000000000000000000000000000000000000000000000000000000000000000000000000000000000000000000------------------------------------------------------------------------------------------------------------------------------------------------------
_SEEDS_111111111111111111111111111111111111111111111111111111111000000000000000000000000000000000000000000000000000000000000000000000000000000000000000000000000000000000000000000000000000000000000000000000000000000000000000000000000000000000000000000000000000000000000000000000000000000000000000000000000000000101010101000110000000000000011111100000000000000000000000000000000000000000000000000000000000000000000000000000000000000000000000000000000000000000000000000000000000000000000000000000000000000000000000000000000000000000000000000000000000000000000000000000000000000000000000000000000000000000000000000000000000000000000000000000000000000000000000000000000000000000000000000000000000000000000000000000000000000000000000000000000000000000000000000000111111111111111111111111111111111111111111111111111111111000000000000000000000000000000000000000000000000000000000000000000000000000000000000000000000-0020406080a0ccdefg0jkl0nop0rstjlnprtnnnnnnpppppprrssNOPQ---------------------------------------------------------------------------------------------000000000000000000000000000000000000000000000000000000000000000000000000000000000000000000000000000000000000000000000000000000000000000000000000000000------------------------------------------------------------------------------------------------------------------------------------------------------;1.0;0.10390873015873003;0.08513621428033624;0.9641446184698934;0.9868878046480545;0.08930872323972813;0.5382310151327904;0.10390873015873003;0.10390873015873003;-1;111111111111111111111011111111011111111111111111111111111000000000000000000000000000000000000000000000000000000000000000000000000000000000000000000000000000000000000000000000000000000000000000000000000000000000000000000000000000000000000000000000000000000000000000000000000000000000000000000000000000101010011110110100101110001001100110101010010001110010100000000000000000000000000000000000000000000000000000000000000000000000000000000000000000000000000000101000000001000000000100001000010000000000000100001000000000000000000000000000000000000000000000000000000000000000000000000000000000000000000000000000000000000000000000000000000000000000000000000000000000000000000000000000000000000000000000000000000000000000000000000000000000000000000000000000111111111111111111111111111111111111111111111111111111111000000000000000000000000000000000000000000000000000000000000000000000000000000000000000000000-0020406080a0ccdefg0jkl0nop0rstjlnprtnnnnnnpppppprrssNOPQ---------------------------------------------------------------------------------------------000000000000000000000000000000000000000000000000000000000000000000000000000000000000000000000000000000000000000000000000000000000000000000000000000000------------------------------------------------------------------------------------------------------------------------------------------------------
_SEEDS_111111111111111111111111111111111111111111111111111111111000000000000000000000000000000000000000000000000000000000000000000000000000000000000000000000000000000000000000000000000000000000000000000000000000000000000000000000000000000000000000000000000000000000000000000000000000000000000000000000000000000101010101000110000000000000011111100000000000000000000000000000000000000000000000000000000000000000000000000000000000000000000000000000000000000000000000000000000000000000000000000000000000000000000000000000000000000000000000000000000000000000000000000000000000000000000000000000000000000000000000000000000000000000000000000000000000000000000000000000000000000000000000000000000000000000000000000000000000000000000000000000000000000000000000000000111111111111111111111111111111111111111111111111111111111000000000000000000000000000000000000000000000000000000000000000000000000000000000000000000000-0020406080a0ccdefg0jkl0nop0rstjlnprtnnnnnnpppppprrssNOPQ---------------------------------------------------------------------------------------------000000000000000000000000000000000000000000000000000000000000000000000000000000000000000000000000000000000000000000000000000000000000000000000000000000------------------------------------------------------------------------------------------------------------------------------------------------------;1.0;0.09680555555555559;0.06019997514991837;0.9440984034852584;0.9768956668510417;0.08443723747150987;0.5270728064188807;0.09680555555555559;0.09680555555555559;-1;111110111111111111111111111111111011111111111111111111111000000000000000000000000000000000000000000000000000000000000000000000000000000000000000000000000000000000000000000000000000000000000000000000000000000000000000000000000000000000000000000000000000000000000000000000000000000000000000000000000000100101011010001000000110111110000110101000000110011101011000000000000000000000000000000000000000000000000000000000000000000000000000000000000000000000011001011000000010010000000000010000110100010010000001100000000000000000000000000000000000000000000000000000000000000000000000000000000000000000000000000000000000000000000000000000000000000000000000000000000000000000000000000000000000000000000000000000000000000000000000000000000000000000000000000000111111111111111111111111111111111111111111111111111111111000000000000000000000000000000000000000000000000000000000000000000000000000000000000000000000-0020406080a0ccdefg0jkl0nop0rstjlnprtnnnnnnpppppprrssNOPQ---------------------------------------------------------------------------------------------000000000000000000000000000000000000000000000000000000000000000000000000000000000000000000000000000000000000000000000000000000000000000000000000000000------------------------------------------------------------------------------------------------------------------------------------------------------
_SEEDS_111111111111111111111111111111111111111111111111111111111000000000000000000000000000000000000000000000000000000000000000000000000000000000000000000000000000000000000000000000000000000000000000000000000000000000000000000000000000000000000000000000000000000000000000000000000000000000000000000000000000000101010101000110000000000000011111100000000000000000000000000000000000000000000000000000000000000000000000000000000000000000000000000000000000000000000000000000000000000000000000000000000000000000000000000000000000000000000000000000000000000000000000000000000000000000000000000000000000000000000000000000000000000000000000000000000000000000000000000000000000000000000000000000000000000000000000000000000000000000000000000000000000000000000000000000111111111111111111111111111111111111111111111111111111111000000000000000000000000000000000000000000000000000000000000000000000000000000000000000000000-0020406080a0ccdefg0jkl0nop0rstjlnprtnnnnnnpppppprrssNOPQ---------------------------------------------------------------------------------------------000000000000000000000000000000000000000000000000000000000000000000000000000000000000000000000000000000000000000000000000000000000000000000000000000000------------------------------------------------------------------------------------------------------------------------------------------------------;1.0;0.10853174603174631;0.09095787577926062;0.9642892977809147;0.9813029584173424;0.08481399199273858;0.5383159783336671;0.10853174603174631;0.10853174603174631;-1;111111111111111111111111111111101111111111111111110111111000000000000000000000000000000000000000000000000000000000000000000000000000000000000000000000000000000000000000000000000000000000000000000000000000000000000000000000000000000000000000000000000000000000000000000000000000000000000000000000000000111000000011001001100100000000110100010011100011001010011000000000000000000000000000000000000000000000000000000000000000000000000000000000000000000000010000001100010000000100101010001110001000100000011101000000000000000000000000000000000000000000000000000000000000000000000000000000000000000000000000000000000000000000000000000000000000000000000000000000000000000000000000000000000000000000000000000000000000000000000000000000000000000000000000000000111111111111111111111111111111111111111111111111111111111000000000000000000000000000000000000000000000000000000000000000000000000000000000000000000000-0020406080a0ccdefg0jkl0nop0rstjlnprtnnnnnnpppppprrssNOPQ---------------------------------------------------------------------------------------------000000000000000000000000000000000000000000000000000000000000000000000000000000000000000000000000000000000000000000000000000000000000000000000000000000------------------------------------------------------------------------------------------------------------------------------------------------------
_SEEDS_111111111111111111111111111111111111111111111111111111111000000000000000000000000000000000000000000000000000000000000000000000000000000000000000000000000000000000000000000000000000000000000000000000000000000000000000000000000000000000000000000000000000000000000000000000000000000000000000000000000000000101010101000110000000000000011111100000000000000000000000000000000000000000000000000000000000000000000000000000000000000000000000000000000000000000000000000000000000000000000000000000000000000000000000000000000000000000000000000000000000000000000000000000000000000000000000000000000000000000000000000000000000000000000000000000000000000000000000000000000000000000000000000000000000000000000000000000000000000000000000000000000000000000000000000000111111111111111111111111111111111111111111111111111111111000000000000000000000000000000000000000000000000000000000000000000000000000000000000000000000-0020406080a0ccdefg0jkl0nop0rstjlnprtnnnnnnpppppprrssNOPQ---------------------------------------------------------------------------------------------000000000000000000000000000000000000000000000000000000000000000000000000000000000000000000000000000000000000000000000000000000000000000000000000000000------------------------------------------------------------------------------------------------------------------------------------------------------;1.0;0.10718253968253988;0.13353131896242998;0.9708752449647216;0.9836520804500066;0.10026368116965349;0.5492508108715587;0.10718253968253988;0.10718253968253988;-1;111111111111111111111111111111111111111111111111011111111000000000000000000000000000000000000000000000000000000000000000000000000000000000000000000000000000000000000000000000000000000000000000000000000000000000000000000000000000000000000000000000000000000000000000000000000000000000000000000000000000001001000011111100001000001100000110111011111100011111000000000000000000000000000000000000000000000000000000000000000000000000000000000000000000000000000000011000100000000111101001100000110000000000100000010000000000000000000000000000000000000000000000000000000000000000000000000000000000000000000000000000000000000000000000000000000000000000000000000000000000000000000000000000000000000000000000000000000000000000000000000000000000000000000000000000111111111111111111111111111111111111111111111111111111111000000000000000000000000000000000000000000000000000000000000000000000000000000000000000000000-0020406080a0ccdefg0jkl0nop0rstjlnprtnnnnnnpppppprrssNOPQ---------------------------------------------------------------------------------------------000000000000000000000000000000000000000000000000000000000000000000000000000000000000000000000000000000000000000000000000000000000000000000000000000000------------------------------------------------------------------------------------------------------------------------------------------------------
_SEEDS_111111111111111111111111111111111111111111111111111111111000000000000000000000000000000000000000000000000000000000000000000000000000000000000000000000000000000000000000000000000000000000000000000000000000000000000000000000000000000000000000000000000000000000000000000000000000000000000000000000000000000101010101000110000000000000011111100000000000000000000000000000000000000000000000000000000000000000000000000000000000000000000000000000000000000000000000000000000000000000000000000000000000000000000000000000000000000000000000000000000000000000000000000000000000000000000000000000000000000000000000000000000000000000000000000000000000000000000000000000000000000000000000000000000000000000000000000000000000000000000000000000000000000000000000000000111111111111111111111111111111111111111111111111111111111000000000000000000000000000000000000000000000000000000000000000000000000000000000000000000000-0020406080a0ccdefg0jkl0nop0rstjlnprtnnnnnnpppppprrssNOPQ---------------------------------------------------------------------------------------------000000000000000000000000000000000000000000000000000000000000000000000000000000000000000000000000000000000000000000000000000000000000000000000000000000------------------------------------------------------------------------------------------------------------------------------------------------------;1.0;0.10690476190476195;0.0822764566819636;0.9662705224924748;0.9844839891008393;0.06996374874116089;0.5349832464868668;0.10690476190476195;0.10690476190476195;-1;111111111111111111111111111111111111111111111111111111111000000000000000000000000000000000000000000000000000000000000000000000000000000000000000000000000000000000000000000000000000000000000000000000000000000000000000000000000000000000000000000000000000000000000000000000000000000000000000000000000000110000101001001000101000110100000111001100110111010000011000000000000000000000000000000000000000000000000000000000000000000000000000000000000000000000000000001111000000000001000000010001100000000000010011110000000000000000000000000000000000000000000000000000000000000000000000000000000000000000000000000000000000000000000000000000000000000000000000000000000000000000000000000000000000000000000000000000000000000000000000000000000000000000000000000000111111111111111111111111111111111111111111111111111111111000000000000000000000000000000000000000000000000000000000000000000000000000000000000000000000-0020406080a0ccdefg0jkl0nop0rstjlnprtnnnnnnpppppprrssNOPQ---------------------------------------------------------------------------------------------000000000000000000000000000000000000000000000000000000000000000000000000000000000000000000000000000000000000000000000000000000000000000000000000000000------------------------------------------------------------------------------------------------------------------------------------------------------
_SEEDS_111111111111111111111111111111111111111111111111111111111000000000000000000000000000000000000000000000000000000000000000000000000000000000000000000000000000000000000000000000000000000000000000000000000000000000000000000000000000000000000000000000000000000000000000000000000000000000000000000000000000000101010101000110000000000000011111100000000000000000000000000000000000000000000000000000000000000000000000000000000000000000000000000000000000000000000000000000000000000000000000000000000000000000000000000000000000000000000000000000000000000000000000000000000000000000000000000000000000000000000000000000000000000000000000000000000000000000000000000000000000000000000000000000000000000000000000000000000000000000000000000000000000000000000000000000111111111111111111111111111111111111111111111111111111111000000000000000000000000000000000000000000000000000000000000000000000000000000000000000000000-0020406080a0ccdefg0jkl0nop0rstjlnprtnnnnnnpppppprrssNOPQ---------------------------------------------------------------------------------------------000000000000000000000000000000000000000000000000000000000000000000000000000000000000000000000000000000000000000000000000000000000000000000000000000000------------------------------------------------------------------------------------------------------------------------------------------------------;1.0;0.08932539682539686;0.0;0.9454804098999677;0.9795186111721262;0.08902651708527197;0.5172251558304605;0.08932539682539686;0.08932539682539686;-1;111011111111111111111011111111111111111011110111111111111000000000000000000000000000000000000000000000000000000000000000000000000000000000000000000000000000000000000000000000000000000000000000000000000000000000000000000000000000000000000000000000000000000000000000000000000000000000000000000000000000011110010111100100100011000010110111010001001111101110011000000000000000000000000000000000000000000000000000000000000000000000000000000000000000000000010001001000000001011111000110000000000100011010010000001000000000000000000000000000000000000000000000000000000000000000000000000000000000000000000000000000000000000000000000000000000000000000000000000000000000000000000000000000000000000000000000000000000000000000000000000000000000000000000000000000111111111111111111111111111111111111111111111111111111111000000000000000000000000000000000000000000000000000000000000000000000000000000000000000000000-0020406080a0ccdefg0jkl0nop0rstjlnprtnnnnnnpppppprrssNOPQ---------------------------------------------------------------------------------------------000000000000000000000000000000000000000000000000000000000000000000000000000000000000000000000000000000000000000000000000000000000000000000000000000000------------------------------------------------------------------------------------------------------------------------------------------------------
_SEEDS_111111111111111111111111111111111111111111111111111111111000000000000000000000000000000000000000000000000000000000000000000000000000000000000000000000000000000000000000000000000000000000000000000000000000000000000000000000000000000000000000000000000000000000000000000000000000000000000000000000000000000101010101000110000000000000011111100000000000000000000000000000000000000000000000000000000000000000000000000000000000000000000000000000000000000000000000000000000000000000000000000000000000000000000000000000000000000000000000000000000000000000000000000000000000000000000000000000000000000000000000000000000000000000000000000000000000000000000000000000000000000000000000000000000000000000000000000000000000000000000000000000000000000000000000000000111111111111111111111111111111111111111111111111111111111000000000000000000000000000000000000000000000000000000000000000000000000000000000000000000000-0020406080a0ccdefg0jkl0nop0rstjlnprtnnnnnnpppppprrssNOPQ---------------------------------------------------------------------------------------------000000000000000000000000000000000000000000000000000000000000000000000000000000000000000000000000000000000000000000000000000000000000000000000000000000------------------------------------------------------------------------------------------------------------------------------------------------------;1.0;0.07492063492063517;0.05839146610859203;0.9412007533114837;0.9874636063673925;0.09482359436168461;0.5261333425116314;0.07492063492063517;0.07492063492063517;-1;111111110011111111111111111111111111111111111111111111111000000000000000000000000000000000000000000000000000000000000000000000000000000000000000000000000000000000000000000000000000000000000000000000000000000000000000000000000000000000000000000000000000000000000000000000000000000000000000000000000000001011101110101110000101000000011111100111010100011001000000000000000000000000000000000000000000000000000000000000000000000000000000000000000000000000001100000100001010000000010010101100001111100010001010110000000000000000000000000000000000000000000000000000000000000000000000000000000000000000000000000000000000000000000000000000000000000000000000000000000000000000000000000000000000000000000000000000000000000000000000000000000000000000000000000000111111111111111111111111111111111111111111111111111111111000000000000000000000000000000000000000000000000000000000000000000000000000000000000000000000-0020406080a0ccdefg0jkl0nop0rstjlnprtnnnnnnpppppprrssNOPQ---------------------------------------------------------------------------------------------000000000000000000000000000000000000000000000000000000000000000000000000000000000000000000000000000000000000000000000000000000000000000000000000000000------------------------------------------------------------------------------------------------------------------------------------------------------
_SEEDS_111111111111111111111111111111111111111111111111111111111000000000000000000000000000000000000000000000000000000000000000000000000000000000000000000000000000000000000000000000000000000000000000000000000000000000000000000000000000000000000000000000000000000000000000000000000000000000000000000000000000000101010101000110000000000000011111100000000000000000000000000000000000000000000000000000000000000000000000000000000000000000000000000000000000000000000000000000000000000000000000000000000000000000000000000000000000000000000000000000000000000000000000000000000000000000000000000000000000000000000000000000000000000000000000000000000000000000000000000000000000000000000000000000000000000000000000000000000000000000000000000000000000000000000000000000111111111111111111111111111111111111111111111111111111111000000000000000000000000000000000000000000000000000000000000000000000000000000000000000000000-0020406080a0ccdefg0jkl0nop0rstjlnprtnnnnnnpppppprrssNOPQ---------------------------------------------------------------------------------------------000000000000000000000000000000000000000000000000000000000000000000000000000000000000000000000000000000000000000000000000000000000000000000000000000000------------------------------------------------------------------------------------------------------------------------------------------------------;1.0;0.11597222222222225;0.2220562673335854;0.9704806206521341;0.9839830649749755;0.06362596129037024;0.5593530227455479;0.11597222222222225;0.11597222222222225;-1;111111111111111111111111111111111111111111111111111111111000000000000000000000000000000000000000000000000000000000000000000000000000000000000000000000000000000000000000000000000000000000000000000000000000000000000000000000000000000000000000000000000000000000000000000000000000000000000000000000000000001010000111000110011011000001010001011111010000111011001000000000000000000000000000000000000000000000000000000000000000000000000000000000000000000000000000001001100000000000001000000000000100100010000000000000000000000000000000000000000000000000000000000000000000000000000000000000000000000000000000000000000000000000000000000000000000000000000000000000000000000000000000000000000000000000000000000000000000000000000000000000000000000000000000000000111111111111111111111111111111111111111111111111111111111000000000000000000000000000000000000000000000000000000000000000000000000000000000000000000000-0020406080a0ccdefg0jkl0nop0rstjlnprtnnnnnnpppppprrssNOPQ---------------------------------------------------------------------------------------------000000000000000000000000000000000000000000000000000000000000000000000000000000000000000000000000000000000000000000000000000000000000000000000000000000------------------------------------------------------------------------------------------------------------------------------------------------------
_SEEDS_111111111111111111111111111111111111111111111111111111111000000000000000000000000000000000000000000000000000000000000000000000000000000000000000000000000000000000000000000000000000000000000000000000000000000000000000000000000000000000000000000000000000000000000000000000000000000000000000000000000000000101010101000110000000000000011111100000000000000000000000000000000000000000000000000000000000000000000000000000000000000000000000000000000000000000000000000000000000000000000000000000000000000000000000000000000000000000000000000000000000000000000000000000000000000000000000000000000000000000000000000000000000000000000000000000000000000000000000000000000000000000000000000000000000000000000000000000000000000000000000000000000000000000000000000000111111111111111111111111111111111111111111111111111111111000000000000000000000000000000000000000000000000000000000000000000000000000000000000000000000-0020406080a0ccdefg0jkl0nop0rstjlnprtnnnnnnpppppprrssNOPQ---------------------------------------------------------------------------------------------000000000000000000000000000000000000000000000000000000000000000000000000000000000000000000000000000000000000000000000000000000000000000000000000000000------------------------------------------------------------------------------------------------------------------------------------------------------;1.0;0.10746031746031726;0.07021728658402893;0.9531301993182594;0.9780003386851632;0.06383858748124314;0.528774454921502;0.10746031746031726;0.10746031746031726;-1;111111110111111111111111111111111111011111111111111111111000000000000000000000000000000000000000000000000000000000000000000000000000000000000000000000000000000000000000000000000000000000000000000000000000000000000000000000000000000000000000000000000000000000000000000000000000000000000000000000000000010011001010100101001010101000010010110000010000001011100000000000000000000000000000000000000000000000000000000000000000000000000000000000000000000000100000000001001010010100010000101010010000001101101000000000000000000000000000000000000000000000000000000000000000000000000000000000000000000000000000000000000000000000000000000000000000000000000000000000000000000000000000000000000000000000000000000000000000000000000000000000000000000000000000000000111111111111111111111111111111111111111111111111111111111000000000000000000000000000000000000000000000000000000000000000000000000000000000000000000000-0020406080a0ccdefg0jkl0nop0rstjlnprtnnnnnnpppppprrssNOPQ---------------------------------------------------------------------------------------------000000000000000000000000000000000000000000000000000000000000000000000000000000000000000000000000000000000000000000000000000000000000000000000000000000------------------------------------------------------------------------------------------------------------------------------------------------------
_SEEDS_111111111111111111111111111111111111111111111111111111111000000000000000000000000000000000000000000000000000000000000000000000000000000000000000000000000000000000000000000000000000000000000000000000000000000000000000000000000000000000000000000000000000000000000000000000000000000000000000000000000000000101010101000110000000000000011111100000000000000000000000000000000000000000000000000000000000000000000000000000000000000000000000000000000000000000000000000000000000000000000000000000000000000000000000000000000000000000000000000000000000000000000000000000000000000000000000000000000000000000000000000000000000000000000000000000000000000000000000000000000000000000000000000000000000000000000000000000000000000000000000000000000000000000000000000000111111111111111111111111111111111111111111111111111111111000000000000000000000000000000000000000000000000000000000000000000000000000000000000000000000-0020406080a0ccdefg0jkl0nop0rstjlnprtnnnnnnpppppprrssNOPQ---------------------------------------------------------------------------------------------000000000000000000000000000000000000000000000000000000000000000000000000000000000000000000000000000000000000000000000000000000000000000000000000000000------------------------------------------------------------------------------------------------------------------------------------------------------;1.0;0.12065476190476188;0.11823930505916858;0.9728649242010975;0.985533566191043;0.0699007864581744;0.5445322239690409;0.12065476190476188;0.12065476190476188;-1;111110111111111111111111111111111111111111111111111111111000000000000000000000000000000000000000000000000000000000000000000000000000000000000000000000000000000000000000000000000000000000000000000000000000000000000000000000000000000000000000000000000000000000000000000000000000000000000000000000000000110000100110001001110001000001110011010010001101011001001000000000000000000000000000000000000000000000000000000000000000000000000000000000000000000000000001000001110100100000000100000000000010000001000110000000000000000000000000000000000000000000000000000000000000000000000000000000000000000000000000000000000000000000000000000000000000000000000000000000000000000000000000000000000000000000000000000000000000000000000000000000000000000000000000000000111111111111111111111111111111111111111111111111111111111000000000000000000000000000000000000000000000000000000000000000000000000000000000000000000000-0020406080a0ccdefg0jkl0nop0rstjlnprtnnnnnnpppppprrssNOPQ---------------------------------------------------------------------------------------------000000000000000000000000000000000000000000000000000000000000000000000000000000000000000000000000000000000000000000000000000000000000000000000000000000------------------------------------------------------------------------------------------------------------------------------------------------------
_SEEDS_111111111111111111111111111111111111111111111111111111111000000000000000000000000000000000000000000000000000000000000000000000000000000000000000000000000000000000000000000000000000000000000000000000000000000000000000000000000000000000000000000000000000000000000000000000000000000000000000000000000000000101010101000110000000000000011111100000000000000000000000000000000000000000000000000000000000000000000000000000000000000000000000000000000000000000000000000000000000000000000000000000000000000000000000000000000000000000000000000000000000000000000000000000000000000000000000000000000000000000000000000000000000000000000000000000000000000000000000000000000000000000000000000000000000000000000000000000000000000000000000000000000000000000000000000000111111111111111111111111111111111111111111111111111111111000000000000000000000000000000000000000000000000000000000000000000000000000000000000000000000-0020406080a0ccdefg0jkl0nop0rstjlnprtnnnnnnpppppprrssNOPQ---------------------------------------------------------------------------------------------000000000000000000000000000000000000000000000000000000000000000000000000000000000000000000000000000000000000000000000000000000000000000000000000000000------------------------------------------------------------------------------------------------------------------------------------------------------;1.0;0.08831349206349204;0.0;0.9584029982227703;0.9803738069506488;0.11871342556642955;0.5243006204672235;0.08831349206349204;0.08831349206349204;-1;111111111111111111111111111111111111110111101110111111111000000000000000000000000000000000000000000000000000000000000000000000000000000000000000000000000000000000000000000000000000000000000000000000000000000000000000000000000000000000000000000000000000000000000000000000000000000000000000000000000000010110111111110110001100101010101001101100011111111000000000000000000000000000000000000000000000000000000000000000000000000000000000000000000000000000010000000000001001100100010000000000011000000100100100000000000000000000000000000000000000000000000000000000000000000000000000000000000000000000000000000000000000000000000000000000000000000000000000000000000000000000000000000000000000000000000000000000000000000000000000000000000000000000000000000000111111111111111111111111111111111111111111111111111111111000000000000000000000000000000000000000000000000000000000000000000000000000000000000000000000-0020406080a0ccdefg0jkl0nop0rstjlnprtnnnnnnpppppprrssNOPQ---------------------------------------------------------------------------------------------000000000000000000000000000000000000000000000000000000000000000000000000000000000000000000000000000000000000000000000000000000000000000000000000000000------------------------------------------------------------------------------------------------------------------------------------------------------
_SEEDS_111111111111111111111111111111111111111111111111111111111000000000000000000000000000000000000000000000000000000000000000000000000000000000000000000000000000000000000000000000000000000000000000000000000000000000000000000000000000000000000000000000000000000000000000000000000000000000000000000000000000000101010101000110000000000000011111100000000000000000000000000000000000000000000000000000000000000000000000000000000000000000000000000000000000000000000000000000000000000000000000000000000000000000000000000000000000000000000000000000000000000000000000000000000000000000000000000000000000000000000000000000000000000000000000000000000000000000000000000000000000000000000000000000000000000000000000000000000000000000000000000000000000000000000000000000111111111111111111111111111111111111111111111111111111111000000000000000000000000000000000000000000000000000000000000000000000000000000000000000000000-0020406080a0ccdefg0jkl0nop0rstjlnprtnnnnnnpppppprrssNOPQ---------------------------------------------------------------------------------------------000000000000000000000000000000000000000000000000000000000000000000000000000000000000000000000000000000000000000000000000000000000000000000000000000000------------------------------------------------------------------------------------------------------------------------------------------------------;1.0;0.10242063492063513;0.0;0.9473287032324594;0.974645784455009;0.10540257962032505;0.5216329503714048;0.10242063492063513;0.10242063492063513;-1;111111011111111111111111111110011111111111111111111111111000000000000000000000000000000000000000000000000000000000000000000000000000000000000000000000000000000000000000000000000000000000000000000000000000000000000000000000000000000000000000000000000000000000000000000000000000000000000000000000000000100101100111010101000010010001101100010010000011110010101000000000000000000000000000000000000000000000000000000000000000000000000000000000000000000000001010000000000010001010010100010000101101001101001100000000000000000000000000000000000000000000000000000000000000000000000000000000000000000000000000000000000000000000000000000000000000000000000000000000000000000000000000000000000000000000000000000000000000000000000000000000000000000000000000000000111111111111111111111111111111111111111111111111111111111000000000000000000000000000000000000000000000000000000000000000000000000000000000000000000000-0020406080a0ccdefg0jkl0nop0rstjlnprtnnnnnnpppppprrssNOPQ---------------------------------------------------------------------------------------------000000000000000000000000000000000000000000000000000000000000000000000000000000000000000000000000000000000000000000000000000000000000000000000000000000------------------------------------------------------------------------------------------------------------------------------------------------------
_SEEDS_111111111111111111111111111111111111111111111111111111111000000000000000000000000000000000000000000000000000000000000000000000000000000000000000000000000000000000000000000000000000000000000000000000000000000000000000000000000000000000000000000000000000000000000000000000000000000000000000000000000000000101010101000110000000000000011111100000000000000000000000000000000000000000000000000000000000000000000000000000000000000000000000000000000000000000000000000000000000000000000000000000000000000000000000000000000000000000000000000000000000000000000000000000000000000000000000000000000000000000000000000000000000000000000000000000000000000000000000000000000000000000000000000000000000000000000000000000000000000000000000000000000000000000000000000000111111111111111111111111111111111111111111111111111111111000000000000000000000000000000000000000000000000000000000000000000000000000000000000000000000-0020406080a0ccdefg0jkl0nop0rstjlnprtnnnnnnpppppprrssNOPQ---------------------------------------------------------------------------------------------000000000000000000000000000000000000000000000000000000000000000000000000000000000000000000000000000000000000000000000000000000000000000000000000000000------------------------------------------------------------------------------------------------------------------------------------------------------;1.0;0.11180555555555549;0.13975400019291884;0.96978379854832;0.985976437444036;0.09328341077469184;0.550100533752587;0.11180555555555549;0.11180555555555549;-1;111111111111111111111111111111111111011111111111110111111000000000000000000000000000000000000000000000000000000000000000000000000000000000000000000000000000000000000000000000000000000000000000000000000000000000000000000000000000000000000000000000000000000000000000000000000000000000000000000000000000011010100110000010100011001000000110100110100000001001000000000000000000000000000000000000000000000000000000000000000000000000000000000000000000000000100101010000000100000100100100110100000000000001011000000000000000000000000000000000000000000000000000000000000000000000000000000000000000000000000000000000000000000000000000000000000000000000000000000000000000000000000000000000000000000000000000000000000000000000000000000000000000000000000000000000111111111111111111111111111111111111111111111111111111111000000000000000000000000000000000000000000000000000000000000000000000000000000000000000000000-0020406080a0ccdefg0jkl0nop0rstjlnprtnnnnnnpppppprrssNOPQ---------------------------------------------------------------------------------------------000000000000000000000000000000000000000000000000000000000000000000000000000000000000000000000000000000000000000000000000000000000000000000000000000000------------------------------------------------------------------------------------------------------------------------------------------------------
_SEEDS_111111111111111111111111111111111111111111111111111111111000000000000000000000000000000000000000000000000000000000000000000000000000000000000000000000000000000000000000000000000000000000000000000000000000000000000000000000000000000000000000000000000000000000000000000000000000000000000000000000000000000101010101000110000000000000011111100000000000000000000000000000000000000000000000000000000000000000000000000000000000000000000000000000000000000000000000000000000000000000000000000000000000000000000000000000000000000000000000000000000000000000000000000000000000000000000000000000000000000000000000000000000000000000000000000000000000000000000000000000000000000000000000000000000000000000000000000000000000000000000000000000000000000000000000000000111111111111111111111111111111111111111111111111111111111000000000000000000000000000000000000000000000000000000000000000000000000000000000000000000000-0020406080a0ccdefg0jkl0nop0rstjlnprtnnnnnnpppppprrssNOPQ---------------------------------------------------------------------------------------------000000000000000000000000000000000000000000000000000000000000000000000000000000000000000000000000000000000000000000000000000000000000000000000000000000------------------------------------------------------------------------------------------------------------------------------------------------------;1.0;0.08607142857142835;0.03259259259259262;0.9474406530958629;0.9756087791714438;0.11403781402990504;0.5259585445768721;0.08607142857142835;0.08607142857142835;-1;111111111111111111111110111111111111101111111111110111111000000000000000000000000000000000000000000000000000000000000000000000000000000000000000000000000000000000000000000000000000000000000000000000000000000000000000000000000000000000000000000000000000000000000000000000000000000000000000000000000000001101100001101001110101000001010010111110111101110100111000000000000000000000000000000000000000000000000000000000000000000000000000000000000000000000011000001010100010010010110000001100110001000010101000000000000000000000000000000000000000000000000000000000000000000000000000000000000000000000000000000000000000000000000000000000000000000000000000000000000000000000000000000000000000000000000000000000000000000000000000000000000000000000000000000000111111111111111111111111111111111111111111111111111111111000000000000000000000000000000000000000000000000000000000000000000000000000000000000000000000-0020406080a0ccdefg0jkl0nop0rstjlnprtnnnnnnpppppprrssNOPQ---------------------------------------------------------------------------------------------000000000000000000000000000000000000000000000000000000000000000000000000000000000000000000000000000000000000000000000000000000000000000000000000000000------------------------------------------------------------------------------------------------------------------------------------------------------
