;Q_1;Q_2;Q_3;Q_4;Q_5;Q_6;Q_7;S1;S_2;TransplantRootHullIndex;Encoding;
_SEEDS_111111111111111111111111111111111111111111111111111111111000000000000000000000000000000000000000000000000000000000000000000000000000000000000000000000000000000000000000000000000000000000000000000000000000000000000000000000000000000000000000000000000000000000000000000000000000000000000000000000000000000101010101000110000000000000011111100000000000000000000000000000000000000000000000000000000000000000000000000000000000000000000000000000000000000000000000000000000000000000000000000000000000000000000000000000000000000000000000000000000000000000000000000000000000000000000000000000000000000000000000000000000000000000000000000000000000000000000000000000000000000000000000000000000000000000000000000000000000000000000000000000000000000000000000000000111111111111111111111111111111111111111111111111111111111000000000000000000000000000000000000000000000000000000000000000000000000000000000000000000000-0020406080a0ccdefg0jkl0nop0rstjlnprtnnnnnnpppppprrssNOPQ---------------------------------------------------------------------------------------------000000000000000000000000000000000000000000000000000000000000000000000000000000000000000000000000000000000000000000000000000000000000000000000000000000------------------------------------------------------------------------------------------------------------------------------------------------------;1.0;0.1367261904761906;0.07067249224392502;0.9778588367387259;0.993079023724185;0.045641757891486764;0.5373297168457523;0.1367261904761906;0.1367261904761906;-1;111111111111111111111111111111111111111111111111111111111000000000000000000000000000000000000000000000000000000000000000000000000000000000000000000000000000000000000000000000000000000000000000000000000000000000000000000000000000000000000000000000000000000000000000000000000000000000000000000000000000000101010101000110000000000000011111100000000000000000000000000000000000000000000000000000000000000000000000000000000000000000000000000000000000000000000000000000000000000000000000000000000000000000000000000000000000000000000000000000000000000000000000000000000000000000000000000000000000000000000000000000000000000000000000000000000000000000000000000000000000000000000000000000000000000000000000000000000000000000000000000000000000000000000000000000111111111111111111111111111111111111111111111111111111111000000000000000000000000000000000000000000000000000000000000000000000000000000000000000000000-0020406080a0ccdefg0jkl0nop0rstjlnprtnnnnnnpppppprrssNOPQ---------------------------------------------------------------------------------------------000000000000000000000000000000000000000000000000000000000000000000000000000000000000000000000000000000000000000000000000000000000000000000000000000000------------------------------------------------------------------------------------------------------------------------------------------------------
_SEEDS_111111111111111111111111111111111111111111111111111111111000000000000000000000000000000000000000000000000000000000000000000000000000000000000000000000000000000000000000000000000000000000000000000000000000000000000000000000000000000000000000000000000000000000000000000000000000000000000000000000000000000101010101000110000000000000011111100000000000000000000000000000000000000000000000000000000000000000000000000000000000000000000000000000000000000000000000000000000000000000000000000000000000000000000000000000000000000000000000000000000000000000000000000000000000000000000000000000000000000000000000000000000000000000000000000000000000000000000000000000000000000000000000000000000000000000000000000000000000000000000000000000000000000000000000000000111111111111111111111111111111111111111111111111111111111000000000000000000000000000000000000000000000000000000000000000000000000000000000000000000000-0020406080a0ccdefg0jkl0nop0rstjlnprtnnnnnnpppppprrssNOPQ---------------------------------------------------------------------------------------------000000000000000000000000000000000000000000000000000000000000000000000000000000000000000000000000000000000000000000000000000000000000000000000000000000------------------------------------------------------------------------------------------------------------------------------------------------------;1.0;0.13640873015873012;0.0725802913943876;0.9775656972215202;0.9927474656623638;0.04336334009292692;0.5371109207549881;0.13640873015873012;0.13640873015873012;-1;111111111111111111111111111111111111111111111111111111111000000000000000000000000000000000000000000000000000000000000000000000000000000000000000000000000000000000000000000000000000000000000000000000000000000000000000000000000000000000000000000000000000000000000000000000000000000000000000000000000000000101010101000110000000000000011111100000000000000000000000000000000000000000000000000000000000000000000000000000000000000000000000000000000000000000000000000000000000000000000000000000000000000000000000000000000000000000000000000000000000000000000000000000000000000000000000000000000000000000000000000000000000000000000000000000000000000000000000000000000000000000000000000000000000000000000000000000000000000000000000000000000000000000000000000000111111111111111111111111111111111111111111111111111111111000000000000000000000000000000000000000000000000000000000000000000000000000000000000000000000-0020406080a0ccdefg0jkl0nop0rstjlnprtnnnnnnpppppprrssNOPQ---------------------------------------------------------------------------------------------000000000000000000000000000000000000000000000000000000000000000000000000000000000000000000000000000000000000000000000000000000000000000000000000000000------------------------------------------------------------------------------------------------------------------------------------------------------
_SEEDS_111111111111111111111111111111111111111111111111111111111000000000000000000000000000000000000000000000000000000000000000000000000000000000000000000000000000000000000000000000000000000000000000000000000000000000000000000000000000000000000000000000000000000000000000000000000000000000000000000000000000000101010101000110000000000000011111100000000000000000000000000000000000000000000000000000000000000000000000000000000000000000000000000000000000000000000000000000000000000000000000000000000000000000000000000000000000000000000000000000000000000000000000000000000000000000000000000000000000000000000000000000000000000000000000000000000000000000000000000000000000000000000000000000000000000000000000000000000000000000000000000000000000000000000000000000111111111111111111111111111111111111111111111111111111111000000000000000000000000000000000000000000000000000000000000000000000000000000000000000000000-0020406080a0ccdefg0jkl0nop0rstjlnprtnnnnnnpppppprrssNOPQ---------------------------------------------------------------------------------------------000000000000000000000000000000000000000000000000000000000000000000000000000000000000000000000000000000000000000000000000000000000000000000000000000000------------------------------------------------------------------------------------------------------------------------------------------------------;1.0;0.1341071428571431;0.019730941704035887;0.9781864045166421;0.9946492575524833;0.034898357440416604;0.5269286840117868;0.1341071428571431;0.1341071428571431;-1;111111111111111111111111111111111111111111111111111111111000000000000000000000000000000000000000000000000000000000000000000000000000000000000000000000000000000000000000000000000000000000000000000000000000000000000000000000000000000000000000000000000000000000000000000000000000000000000000000000000000000101010101000110000000000000011111100000000000000000000000000000000000000000000000000000000000000000000000000000000000000000000000000000000000000000000000000000000000000000000000000000000000000000000000000000000000000000000000000000000000000000000000000000000000000000000000000000000000000000000000000000000000000000000000000000000000000000000000000000000000000000000000000000000000000000000000000000000000000000000000000000000000000000000000000000111111111111111111111111111111111111111111111111111111111000000000000000000000000000000000000000000000000000000000000000000000000000000000000000000000-0020406080a0ccdefg0jkl0nop0rstjlnprtnnnnnnpppppprrssNOPQ---------------------------------------------------------------------------------------------000000000000000000000000000000000000000000000000000000000000000000000000000000000000000000000000000000000000000000000000000000000000000000000000000000------------------------------------------------------------------------------------------------------------------------------------------------------
_SEEDS_111111111111111111111111111111111111111111111111111111111000000000000000000000000000000000000000000000000000000000000000000000000000000000000000000000000000000000000000000000000000000000000000000000000000000000000000000000000000000000000000000000000000000000000000000000000000000000000000000000000000000101010101000110000000000000011111100000000000000000000000000000000000000000000000000000000000000000000000000000000000000000000000000000000000000000000000000000000000000000000000000000000000000000000000000000000000000000000000000000000000000000000000000000000000000000000000000000000000000000000000000000000000000000000000000000000000000000000000000000000000000000000000000000000000000000000000000000000000000000000000000000000000000000000000000000111111111111111111111111111111111111111111111111111111111000000000000000000000000000000000000000000000000000000000000000000000000000000000000000000000-0020406080a0ccdefg0jkl0nop0rstjlnprtnnnnnnpppppprrssNOPQ---------------------------------------------------------------------------------------------000000000000000000000000000000000000000000000000000000000000000000000000000000000000000000000000000000000000000000000000000000000000000000000000000000------------------------------------------------------------------------------------------------------------------------------------------------------;1.0;0.13156746031746047;0.009102564102564159;0.9788189513883742;0.9959365604526895;0.040783585082428256;0.5260348535572528;0.13156746031746047;0.13156746031746047;-1;111111111111111111111111111111111111111111111111111111111000000000000000000000000000000000000000000000000000000000000000000000000000000000000000000000000000000000000000000000000000000000000000000000000000000000000000000000000000000000000000000000000000000000000000000000000000000000000000000000000000000101010101000110000000000000011111100000000000000000000000000000000000000000000000000000000000000000000000000000000000000000000000000000000000000000000000000000000000000000000000000000000000000000000000000000000000000000000000000000000000000000000000000000000000000000000000000000000000000000000000000000000000000000000000000000000000000000000000000000000000000000000000000000000000000000000000000000000000000000000000000000000000000000000000000000111111111111111111111111111111111111111111111111111111111000000000000000000000000000000000000000000000000000000000000000000000000000000000000000000000-0020406080a0ccdefg0jkl0nop0rstjlnprtnnnnnnpppppprrssNOPQ---------------------------------------------------------------------------------------------000000000000000000000000000000000000000000000000000000000000000000000000000000000000000000000000000000000000000000000000000000000000000000000000000000------------------------------------------------------------------------------------------------------------------------------------------------------
_SEEDS_111111111111111111111111111111111111111111111111111111111000000000000000000000000000000000000000000000000000000000000000000000000000000000000000000000000000000000000000000000000000000000000000000000000000000000000000000000000000000000000000000000000000000000000000000000000000000000000000000000000000000101010101000110000000000000011111100000000000000000000000000000000000000000000000000000000000000000000000000000000000000000000000000000000000000000000000000000000000000000000000000000000000000000000000000000000000000000000000000000000000000000000000000000000000000000000000000000000000000000000000000000000000000000000000000000000000000000000000000000000000000000000000000000000000000000000000000000000000000000000000000000000000000000000000000000111111111111111111111111111111111111111111111111111111111000000000000000000000000000000000000000000000000000000000000000000000000000000000000000000000-0020406080a0ccdefg0jkl0nop0rstjlnprtnnnnnnpppppprrssNOPQ---------------------------------------------------------------------------------------------000000000000000000000000000000000000000000000000000000000000000000000000000000000000000000000000000000000000000000000000000000000000000000000000000000------------------------------------------------------------------------------------------------------------------------------------------------------;1.0;0.13835317460317487;0.040937404786891896;0.9772478972732009;0.9933534971044349;0.03996312987644142;0.531642517274024;0.13835317460317487;0.13835317460317487;-1;111111111111111111111111111111111111111111111111111111111000000000000000000000000000000000000000000000000000000000000000000000000000000000000000000000000000000000000000000000000000000000000000000000000000000000000000000000000000000000000000000000000000000000000000000000000000000000000000000000000000000101010101000110000000000000011111100000000000000000000000000000000000000000000000000000000000000000000000000000000000000000000000000000000000000000000000000000000000000000000000000000000000000000000000000000000000000000000000000000000000000000000000000000000000000000000000000000000000000000000000000000000000000000000000000000000000000000000000000000000000000000000000000000000000000000000000000000000000000000000000000000000000000000000000000000111111111111111111111111111111111111111111111111111111111000000000000000000000000000000000000000000000000000000000000000000000000000000000000000000000-0020406080a0ccdefg0jkl0nop0rstjlnprtnnnnnnpppppprrssNOPQ---------------------------------------------------------------------------------------------000000000000000000000000000000000000000000000000000000000000000000000000000000000000000000000000000000000000000000000000000000000000000000000000000000------------------------------------------------------------------------------------------------------------------------------------------------------
_SEEDS_111111111111111111111111111111111111111111111111111111111000000000000000000000000000000000000000000000000000000000000000000000000000000000000000000000000000000000000000000000000000000000000000000000000000000000000000000000000000000000000000000000000000000000000000000000000000000000000000000000000000000101010101000110000000000000011111100000000000000000000000000000000000000000000000000000000000000000000000000000000000000000000000000000000000000000000000000000000000000000000000000000000000000000000000000000000000000000000000000000000000000000000000000000000000000000000000000000000000000000000000000000000000000000000000000000000000000000000000000000000000000000000000000000000000000000000000000000000000000000000000000000000000000000000000000000111111111111111111111111111111111111111111111111111111111000000000000000000000000000000000000000000000000000000000000000000000000000000000000000000000-0020406080a0ccdefg0jkl0nop0rstjlnprtnnnnnnpppppprrssNOPQ---------------------------------------------------------------------------------------------000000000000000000000000000000000000000000000000000000000000000000000000000000000000000000000000000000000000000000000000000000000000000000000000000000------------------------------------------------------------------------------------------------------------------------------------------------------;1.0;0.1396626984126983;0.08010699234576213;0.9820410895321071;0.9967827274278888;0.03813771542710585;0.5394552038575937;0.1396626984126983;0.1396626984126983;-1;111111111111111111111111111111111111111111111111111111111000000000000000000000000000000000000000000000000000000000000000000000000000000000000000000000000000000000000000000000000000000000000000000000000000000000000000000000000000000000000000000000000000000000000000000000000000000000000000000000000000000101010101000110000000000000011111100000000000000000000000000000000000000000000000000000000000000000000000000000000000000000000000000000000000000000000000000000000000000000000000000000000000000000000000000000000000000000000000000000000000000000000000000000000000000000000000000000000000000000000000000000000000000000000000000000000000000000000000000000000000000000000000000000000000000000000000000000000000000000000000000000000000000000000000000000111111111111111111111111111111111111111111111111111111111000000000000000000000000000000000000000000000000000000000000000000000000000000000000000000000-0020406080a0ccdefg0jkl0nop0rstjlnprtnnnnnnpppppprrssNOPQ---------------------------------------------------------------------------------------------000000000000000000000000000000000000000000000000000000000000000000000000000000000000000000000000000000000000000000000000000000000000000000000000000000------------------------------------------------------------------------------------------------------------------------------------------------------
_SEEDS_111111111111111111111111111111111111111111111111111111111000000000000000000000000000000000000000000000000000000000000000000000000000000000000000000000000000000000000000000000000000000000000000000000000000000000000000000000000000000000000000000000000000000000000000000000000000000000000000000000000000000101010101000110000000000000011111100000000000000000000000000000000000000000000000000000000000000000000000000000000000000000000000000000000000000000000000000000000000000000000000000000000000000000000000000000000000000000000000000000000000000000000000000000000000000000000000000000000000000000000000000000000000000000000000000000000000000000000000000000000000000000000000000000000000000000000000000000000000000000000000000000000000000000000000000000111111111111111111111111111111111111111111111111111111111000000000000000000000000000000000000000000000000000000000000000000000000000000000000000000000-0020406080a0ccdefg0jkl0nop0rstjlnprtnnnnnnpppppprrssNOPQ---------------------------------------------------------------------------------------------000000000000000000000000000000000000000000000000000000000000000000000000000000000000000000000000000000000000000000000000000000000000000000000000000000------------------------------------------------------------------------------------------------------------------------------------------------------;1.0;0.13144841269841256;0.025305775652551987;0.976023403240695;0.9922947626787649;0.03570097913148586;0.5267955555669851;0.13144841269841256;0.13144841269841256;-1;111111111111111111111111111111111111111111111111111111111000000000000000000000000000000000000000000000000000000000000000000000000000000000000000000000000000000000000000000000000000000000000000000000000000000000000000000000000000000000000000000000000000000000000000000000000000000000000000000000000000000101010101000110000000000000011111100000000000000000000000000000000000000000000000000000000000000000000000000000000000000000000000000000000000000000000000000000000000000000000000000000000000000000000000000000000000000000000000000000000000000000000000000000000000000000000000000000000000000000000000000000000000000000000000000000000000000000000000000000000000000000000000000000000000000000000000000000000000000000000000000000000000000000000000000000111111111111111111111111111111111111111111111111111111111000000000000000000000000000000000000000000000000000000000000000000000000000000000000000000000-0020406080a0ccdefg0jkl0nop0rstjlnprtnnnnnnpppppprrssNOPQ---------------------------------------------------------------------------------------------000000000000000000000000000000000000000000000000000000000000000000000000000000000000000000000000000000000000000000000000000000000000000000000000000000------------------------------------------------------------------------------------------------------------------------------------------------------
_SEEDS_111111111111111111111111111111111111111111111111111111111000000000000000000000000000000000000000000000000000000000000000000000000000000000000000000000000000000000000000000000000000000000000000000000000000000000000000000000000000000000000000000000000000000000000000000000000000000000000000000000000000000101010101000110000000000000011111100000000000000000000000000000000000000000000000000000000000000000000000000000000000000000000000000000000000000000000000000000000000000000000000000000000000000000000000000000000000000000000000000000000000000000000000000000000000000000000000000000000000000000000000000000000000000000000000000000000000000000000000000000000000000000000000000000000000000000000000000000000000000000000000000000000000000000000000000000111111111111111111111111111111111111111111111111111111111000000000000000000000000000000000000000000000000000000000000000000000000000000000000000000000-0020406080a0ccdefg0jkl0nop0rstjlnprtnnnnnnpppppprrssNOPQ---------------------------------------------------------------------------------------------000000000000000000000000000000000000000000000000000000000000000000000000000000000000000000000000000000000000000000000000000000000000000000000000000000------------------------------------------------------------------------------------------------------------------------------------------------------;1.0;0.14000000000000012;0.06931568329576265;0.9793170432578379;0.9941116231438812;0.03798186909839787;0.5367877031326466;0.14000000000000012;0.14000000000000012;-1;111111111111111111111111111111111111111111111111111111111000000000000000000000000000000000000000000000000000000000000000000000000000000000000000000000000000000000000000000000000000000000000000000000000000000000000000000000000000000000000000000000000000000000000000000000000000000000000000000000000000000101010101000110000000000000011111100000000000000000000000000000000000000000000000000000000000000000000000000000000000000000000000000000000000000000000000000000000000000000000000000000000000000000000000000000000000000000000000000000000000000000000000000000000000000000000000000000000000000000000000000000000000000000000000000000000000000000000000000000000000000000000000000000000000000000000000000000000000000000000000000000000000000000000000000000111111111111111111111111111111111111111111111111111111111000000000000000000000000000000000000000000000000000000000000000000000000000000000000000000000-0020406080a0ccdefg0jkl0nop0rstjlnprtnnnnnnpppppprrssNOPQ---------------------------------------------------------------------------------------------000000000000000000000000000000000000000000000000000000000000000000000000000000000000000000000000000000000000000000000000000000000000000000000000000000------------------------------------------------------------------------------------------------------------------------------------------------------
_SEEDS_111111111111111111111111111111111111111111111111111111111000000000000000000000000000000000000000000000000000000000000000000000000000000000000000000000000000000000000000000000000000000000000000000000000000000000000000000000000000000000000000000000000000000000000000000000000000000000000000000000000000000101010101000110000000000000011111100000000000000000000000000000000000000000000000000000000000000000000000000000000000000000000000000000000000000000000000000000000000000000000000000000000000000000000000000000000000000000000000000000000000000000000000000000000000000000000000000000000000000000000000000000000000000000000000000000000000000000000000000000000000000000000000000000000000000000000000000000000000000000000000000000000000000000000000000000111111111111111111111111111111111111111111111111111111111000000000000000000000000000000000000000000000000000000000000000000000000000000000000000000000-0020406080a0ccdefg0jkl0nop0rstjlnprtnnnnnnpppppprrssNOPQ---------------------------------------------------------------------------------------------000000000000000000000000000000000000000000000000000000000000000000000000000000000000000000000000000000000000000000000000000000000000000000000000000000------------------------------------------------------------------------------------------------------------------------------------------------------;1.0;0.13240079365079382;0.0;0.974892330882938;0.9930222734254992;0.043948261541120956;0.5240439432500587;0.13240079365079382;0.13240079365079382;-1;111111111111111111111111111111111111111111111111111111111000000000000000000000000000000000000000000000000000000000000000000000000000000000000000000000000000000000000000000000000000000000000000000000000000000000000000000000000000000000000000000000000000000000000000000000000000000000000000000000000000000101010101000110000000000000011111100000000000000000000000000000000000000000000000000000000000000000000000000000000000000000000000000000000000000000000000000000000000000000000000000000000000000000000000000000000000000000000000000000000000000000000000000000000000000000000000000000000000000000000000000000000000000000000000000000000000000000000000000000000000000000000000000000000000000000000000000000000000000000000000000000000000000000000000000000111111111111111111111111111111111111111111111111111111111000000000000000000000000000000000000000000000000000000000000000000000000000000000000000000000-0020406080a0ccdefg0jkl0nop0rstjlnprtnnnnnnpppppprrssNOPQ---------------------------------------------------------------------------------------------000000000000000000000000000000000000000000000000000000000000000000000000000000000000000000000000000000000000000000000000000000000000000000000000000000------------------------------------------------------------------------------------------------------------------------------------------------------
_SEEDS_111111111111111111111111111111111111111111111111111111111000000000000000000000000000000000000000000000000000000000000000000000000000000000000000000000000000000000000000000000000000000000000000000000000000000000000000000000000000000000000000000000000000000000000000000000000000000000000000000000000000000101010101000110000000000000011111100000000000000000000000000000000000000000000000000000000000000000000000000000000000000000000000000000000000000000000000000000000000000000000000000000000000000000000000000000000000000000000000000000000000000000000000000000000000000000000000000000000000000000000000000000000000000000000000000000000000000000000000000000000000000000000000000000000000000000000000000000000000000000000000000000000000000000000000000000111111111111111111111111111111111111111111111111111111111000000000000000000000000000000000000000000000000000000000000000000000000000000000000000000000-0020406080a0ccdefg0jkl0nop0rstjlnprtnnnnnnpppppprrssNOPQ---------------------------------------------------------------------------------------------000000000000000000000000000000000000000000000000000000000000000000000000000000000000000000000000000000000000000000000000000000000000000000000000000000------------------------------------------------------------------------------------------------------------------------------------------------------;1.0;0.12789682539682523;0.0;0.9736902894742716;0.9945612929483897;0.043342166482899305;0.5232484290503977;0.12789682539682523;0.12789682539682523;-1;111111111111111111111111111111111111111111111111111111111000000000000000000000000000000000000000000000000000000000000000000000000000000000000000000000000000000000000000000000000000000000000000000000000000000000000000000000000000000000000000000000000000000000000000000000000000000000000000000000000000000101010101000110000000000000011111100000000000000000000000000000000000000000000000000000000000000000000000000000000000000000000000000000000000000000000000000000000000000000000000000000000000000000000000000000000000000000000000000000000000000000000000000000000000000000000000000000000000000000000000000000000000000000000000000000000000000000000000000000000000000000000000000000000000000000000000000000000000000000000000000000000000000000000000000000111111111111111111111111111111111111111111111111111111111000000000000000000000000000000000000000000000000000000000000000000000000000000000000000000000-0020406080a0ccdefg0jkl0nop0rstjlnprtnnnnnnpppppprrssNOPQ---------------------------------------------------------------------------------------------000000000000000000000000000000000000000000000000000000000000000000000000000000000000000000000000000000000000000000000000000000000000000000000000000000------------------------------------------------------------------------------------------------------------------------------------------------------
_SEEDS_111111111111111111111111111111111111111111111111111111111000000000000000000000000000000000000000000000000000000000000000000000000000000000000000000000000000000000000000000000000000000000000000000000000000000000000000000000000000000000000000000000000000000000000000000000000000000000000000000000000000000101010101000110000000000000011111100000000000000000000000000000000000000000000000000000000000000000000000000000000000000000000000000000000000000000000000000000000000000000000000000000000000000000000000000000000000000000000000000000000000000000000000000000000000000000000000000000000000000000000000000000000000000000000000000000000000000000000000000000000000000000000000000000000000000000000000000000000000000000000000000000000000000000000000000000111111111111111111111111111111111111111111111111111111111000000000000000000000000000000000000000000000000000000000000000000000000000000000000000000000-0020406080a0ccdefg0jkl0nop0rstjlnprtnnnnnnpppppprrssNOPQ---------------------------------------------------------------------------------------------000000000000000000000000000000000000000000000000000000000000000000000000000000000000000000000000000000000000000000000000000000000000000000000000000000------------------------------------------------------------------------------------------------------------------------------------------------------;1.0;0.13335317460317453;0.04370869185684001;0.9784170853464597;0.994703239301889;0.04069676284298187;0.5318131589918907;0.13335317460317453;0.13335317460317453;-1;111111111111111111111111111111111111111111111111111111111000000000000000000000000000000000000000000000000000000000000000000000000000000000000000000000000000000000000000000000000000000000000000000000000000000000000000000000000000000000000000000000000000000000000000000000000000000000000000000000000000000101010101000110000000000000011111100000000000000000000000000000000000000000000000000000000000000000000000000000000000000000000000000000000000000000000000000000000000000000000000000000000000000000000000000000000000000000000000000000000000000000000000000000000000000000000000000000000000000000000000000000000000000000000000000000000000000000000000000000000000000000000000000000000000000000000000000000000000000000000000000000000000000000000000000000111111111111111111111111111111111111111111111111111111111000000000000000000000000000000000000000000000000000000000000000000000000000000000000000000000-0020406080a0ccdefg0jkl0nop0rstjlnprtnnnnnnpppppprrssNOPQ---------------------------------------------------------------------------------------------000000000000000000000000000000000000000000000000000000000000000000000000000000000000000000000000000000000000000000000000000000000000000000000000000000------------------------------------------------------------------------------------------------------------------------------------------------------
_SEEDS_111111111111111111111111111111111111111111111111111111111000000000000000000000000000000000000000000000000000000000000000000000000000000000000000000000000000000000000000000000000000000000000000000000000000000000000000000000000000000000000000000000000000000000000000000000000000000000000000000000000000000101010101000110000000000000011111100000000000000000000000000000000000000000000000000000000000000000000000000000000000000000000000000000000000000000000000000000000000000000000000000000000000000000000000000000000000000000000000000000000000000000000000000000000000000000000000000000000000000000000000000000000000000000000000000000000000000000000000000000000000000000000000000000000000000000000000000000000000000000000000000000000000000000000000000000111111111111111111111111111111111111111111111111111111111000000000000000000000000000000000000000000000000000000000000000000000000000000000000000000000-0020406080a0ccdefg0jkl0nop0rstjlnprtnnnnnnpppppprrssNOPQ---------------------------------------------------------------------------------------------000000000000000000000000000000000000000000000000000000000000000000000000000000000000000000000000000000000000000000000000000000000000000000000000000000------------------------------------------------------------------------------------------------------------------------------------------------------;1.0;0.13863095238095224;0.06292313023241636;0.9799263014702617;0.9952290279911248;0.039009563360225846;0.5359531625724968;0.13863095238095224;0.13863095238095224;-1;111111111111111111111111111111111111111111111111111111111000000000000000000000000000000000000000000000000000000000000000000000000000000000000000000000000000000000000000000000000000000000000000000000000000000000000000000000000000000000000000000000000000000000000000000000000000000000000000000000000000000101010101000110000000000000011111100000000000000000000000000000000000000000000000000000000000000000000000000000000000000000000000000000000000000000000000000000000000000000000000000000000000000000000000000000000000000000000000000000000000000000000000000000000000000000000000000000000000000000000000000000000000000000000000000000000000000000000000000000000000000000000000000000000000000000000000000000000000000000000000000000000000000000000000000000111111111111111111111111111111111111111111111111111111111000000000000000000000000000000000000000000000000000000000000000000000000000000000000000000000-0020406080a0ccdefg0jkl0nop0rstjlnprtnnnnnnpppppprrssNOPQ---------------------------------------------------------------------------------------------000000000000000000000000000000000000000000000000000000000000000000000000000000000000000000000000000000000000000000000000000000000000000000000000000000------------------------------------------------------------------------------------------------------------------------------------------------------
_SEEDS_111111111111111111111111111111111111111111111111111111111000000000000000000000000000000000000000000000000000000000000000000000000000000000000000000000000000000000000000000000000000000000000000000000000000000000000000000000000000000000000000000000000000000000000000000000000000000000000000000000000000000101010101000110000000000000011111100000000000000000000000000000000000000000000000000000000000000000000000000000000000000000000000000000000000000000000000000000000000000000000000000000000000000000000000000000000000000000000000000000000000000000000000000000000000000000000000000000000000000000000000000000000000000000000000000000000000000000000000000000000000000000000000000000000000000000000000000000000000000000000000000000000000000000000000000000111111111111111111111111111111111111111111111111111111111000000000000000000000000000000000000000000000000000000000000000000000000000000000000000000000-0020406080a0ccdefg0jkl0nop0rstjlnprtnnnnnnpppppprrssNOPQ---------------------------------------------------------------------------------------------000000000000000000000000000000000000000000000000000000000000000000000000000000000000000000000000000000000000000000000000000000000000000000000000000000------------------------------------------------------------------------------------------------------------------------------------------------------;1.0;0.13849206349206367;0.04226790979360895;0.9755590569882205;0.9914405188598737;0.04412283290085366;0.53198039700577;0.13849206349206367;0.13849206349206367;-1;111111111111111111111111111111111111111111111111111111111000000000000000000000000000000000000000000000000000000000000000000000000000000000000000000000000000000000000000000000000000000000000000000000000000000000000000000000000000000000000000000000000000000000000000000000000000000000000000000000000000000101010101000110000000000000011111100000000000000000000000000000000000000000000000000000000000000000000000000000000000000000000000000000000000000000000000000000000000000000000000000000000000000000000000000000000000000000000000000000000000000000000000000000000000000000000000000000000000000000000000000000000000000000000000000000000000000000000000000000000000000000000000000000000000000000000000000000000000000000000000000000000000000000000000000000111111111111111111111111111111111111111111111111111111111000000000000000000000000000000000000000000000000000000000000000000000000000000000000000000000-0020406080a0ccdefg0jkl0nop0rstjlnprtnnnnnnpppppprrssNOPQ---------------------------------------------------------------------------------------------000000000000000000000000000000000000000000000000000000000000000000000000000000000000000000000000000000000000000000000000000000000000000000000000000000------------------------------------------------------------------------------------------------------------------------------------------------------
_SEEDS_111111111111111111111111111111111111111111111111111111111000000000000000000000000000000000000000000000000000000000000000000000000000000000000000000000000000000000000000000000000000000000000000000000000000000000000000000000000000000000000000000000000000000000000000000000000000000000000000000000000000000101010101000110000000000000011111100000000000000000000000000000000000000000000000000000000000000000000000000000000000000000000000000000000000000000000000000000000000000000000000000000000000000000000000000000000000000000000000000000000000000000000000000000000000000000000000000000000000000000000000000000000000000000000000000000000000000000000000000000000000000000000000000000000000000000000000000000000000000000000000000000000000000000000000000000111111111111111111111111111111111111111111111111111111111000000000000000000000000000000000000000000000000000000000000000000000000000000000000000000000-0020406080a0ccdefg0jkl0nop0rstjlnprtnnnnnnpppppprrssNOPQ---------------------------------------------------------------------------------------------000000000000000000000000000000000000000000000000000000000000000000000000000000000000000000000000000000000000000000000000000000000000000000000000000000------------------------------------------------------------------------------------------------------------------------------------------------------;1.0;0.13749999999999984;0.07641552690705222;0.9778283631823207;0.992867616254713;0.03714811732710969;0.5369599372785325;0.13749999999999984;0.13749999999999984;-1;111111111111111111111111111111111111111111111111111111111000000000000000000000000000000000000000000000000000000000000000000000000000000000000000000000000000000000000000000000000000000000000000000000000000000000000000000000000000000000000000000000000000000000000000000000000000000000000000000000000000000101010101000110000000000000011111100000000000000000000000000000000000000000000000000000000000000000000000000000000000000000000000000000000000000000000000000000000000000000000000000000000000000000000000000000000000000000000000000000000000000000000000000000000000000000000000000000000000000000000000000000000000000000000000000000000000000000000000000000000000000000000000000000000000000000000000000000000000000000000000000000000000000000000000000000111111111111111111111111111111111111111111111111111111111000000000000000000000000000000000000000000000000000000000000000000000000000000000000000000000-0020406080a0ccdefg0jkl0nop0rstjlnprtnnnnnnpppppprrssNOPQ---------------------------------------------------------------------------------------------000000000000000000000000000000000000000000000000000000000000000000000000000000000000000000000000000000000000000000000000000000000000000000000000000000------------------------------------------------------------------------------------------------------------------------------------------------------
_SEEDS_111111111111111111111111111111111111111111111111111111111000000000000000000000000000000000000000000000000000000000000000000000000000000000000000000000000000000000000000000000000000000000000000000000000000000000000000000000000000000000000000000000000000000000000000000000000000000000000000000000000000000101010101000110000000000000011111100000000000000000000000000000000000000000000000000000000000000000000000000000000000000000000000000000000000000000000000000000000000000000000000000000000000000000000000000000000000000000000000000000000000000000000000000000000000000000000000000000000000000000000000000000000000000000000000000000000000000000000000000000000000000000000000000000000000000000000000000000000000000000000000000000000000000000000000000000111111111111111111111111111111111111111111111111111111111000000000000000000000000000000000000000000000000000000000000000000000000000000000000000000000-0020406080a0ccdefg0jkl0nop0rstjlnprtnnnnnnpppppprrssNOPQ---------------------------------------------------------------------------------------------000000000000000000000000000000000000000000000000000000000000000000000000000000000000000000000000000000000000000000000000000000000000000000000000000000------------------------------------------------------------------------------------------------------------------------------------------------------;1.0;0.1362103174603172;0.021222222222222253;0.9765712286405125;0.9933322171643375;0.04238553890128711;0.5282869207314461;0.1362103174603172;0.1362103174603172;-1;111111111111111111111111111111111111111111111111111111111000000000000000000000000000000000000000000000000000000000000000000000000000000000000000000000000000000000000000000000000000000000000000000000000000000000000000000000000000000000000000000000000000000000000000000000000000000000000000000000000000000101010101000110000000000000011111100000000000000000000000000000000000000000000000000000000000000000000000000000000000000000000000000000000000000000000000000000000000000000000000000000000000000000000000000000000000000000000000000000000000000000000000000000000000000000000000000000000000000000000000000000000000000000000000000000000000000000000000000000000000000000000000000000000000000000000000000000000000000000000000000000000000000000000000000000111111111111111111111111111111111111111111111111111111111000000000000000000000000000000000000000000000000000000000000000000000000000000000000000000000-0020406080a0ccdefg0jkl0nop0rstjlnprtnnnnnnpppppprrssNOPQ---------------------------------------------------------------------------------------------000000000000000000000000000000000000000000000000000000000000000000000000000000000000000000000000000000000000000000000000000000000000000000000000000000------------------------------------------------------------------------------------------------------------------------------------------------------
_SEEDS_111111111111111111111111111111111111111111111111111111111000000000000000000000000000000000000000000000000000000000000000000000000000000000000000000000000000000000000000000000000000000000000000000000000000000000000000000000000000000000000000000000000000000000000000000000000000000000000000000000000000000101010101000110000000000000011111100000000000000000000000000000000000000000000000000000000000000000000000000000000000000000000000000000000000000000000000000000000000000000000000000000000000000000000000000000000000000000000000000000000000000000000000000000000000000000000000000000000000000000000000000000000000000000000000000000000000000000000000000000000000000000000000000000000000000000000000000000000000000000000000000000000000000000000000000000111111111111111111111111111111111111111111111111111111111000000000000000000000000000000000000000000000000000000000000000000000000000000000000000000000-0020406080a0ccdefg0jkl0nop0rstjlnprtnnnnnnpppppprrssNOPQ---------------------------------------------------------------------------------------------000000000000000000000000000000000000000000000000000000000000000000000000000000000000000000000000000000000000000000000000000000000000000000000000000000------------------------------------------------------------------------------------------------------------------------------------------------------;1.0;0.12730158730158725;0.0;0.9749540961402494;0.9941030892643796;0.038877763977074695;0.5225394227805485;0.12730158730158725;0.12730158730158725;-1;111111111111111111111111111111111111111111111111111111111000000000000000000000000000000000000000000000000000000000000000000000000000000000000000000000000000000000000000000000000000000000000000000000000000000000000000000000000000000000000000000000000000000000000000000000000000000000000000000000000000000101010101000110000000000000011111100000000000000000000000000000000000000000000000000000000000000000000000000000000000000000000000000000000000000000000000000000000000000000000000000000000000000000000000000000000000000000000000000000000000000000000000000000000000000000000000000000000000000000000000000000000000000000000000000000000000000000000000000000000000000000000000000000000000000000000000000000000000000000000000000000000000000000000000000000111111111111111111111111111111111111111111111111111111111000000000000000000000000000000000000000000000000000000000000000000000000000000000000000000000-0020406080a0ccdefg0jkl0nop0rstjlnprtnnnnnnpppppprrssNOPQ---------------------------------------------------------------------------------------------000000000000000000000000000000000000000000000000000000000000000000000000000000000000000000000000000000000000000000000000000000000000000000000000000000------------------------------------------------------------------------------------------------------------------------------------------------------
_SEEDS_111111111111111111111111111111111111111111111111111111111000000000000000000000000000000000000000000000000000000000000000000000000000000000000000000000000000000000000000000000000000000000000000000000000000000000000000000000000000000000000000000000000000000000000000000000000000000000000000000000000000000101010101000110000000000000011111100000000000000000000000000000000000000000000000000000000000000000000000000000000000000000000000000000000000000000000000000000000000000000000000000000000000000000000000000000000000000000000000000000000000000000000000000000000000000000000000000000000000000000000000000000000000000000000000000000000000000000000000000000000000000000000000000000000000000000000000000000000000000000000000000000000000000000000000000000111111111111111111111111111111111111111111111111111111111000000000000000000000000000000000000000000000000000000000000000000000000000000000000000000000-0020406080a0ccdefg0jkl0nop0rstjlnprtnnnnnnpppppprrssNOPQ---------------------------------------------------------------------------------------------000000000000000000000000000000000000000000000000000000000000000000000000000000000000000000000000000000000000000000000000000000000000000000000000000000------------------------------------------------------------------------------------------------------------------------------------------------------;1.0;0.13021825396825404;0.018333333333333313;0.9760486991727779;0.9925493898276156;0.032530357649104245;0.5249466723251809;0.13021825396825404;0.13021825396825404;-1;111111111111111111111111111111111111111111111111111111111000000000000000000000000000000000000000000000000000000000000000000000000000000000000000000000000000000000000000000000000000000000000000000000000000000000000000000000000000000000000000000000000000000000000000000000000000000000000000000000000000000101010101000110000000000000011111100000000000000000000000000000000000000000000000000000000000000000000000000000000000000000000000000000000000000000000000000000000000000000000000000000000000000000000000000000000000000000000000000000000000000000000000000000000000000000000000000000000000000000000000000000000000000000000000000000000000000000000000000000000000000000000000000000000000000000000000000000000000000000000000000000000000000000000000000000111111111111111111111111111111111111111111111111111111111000000000000000000000000000000000000000000000000000000000000000000000000000000000000000000000-0020406080a0ccdefg0jkl0nop0rstjlnprtnnnnnnpppppprrssNOPQ---------------------------------------------------------------------------------------------000000000000000000000000000000000000000000000000000000000000000000000000000000000000000000000000000000000000000000000000000000000000000000000000000000------------------------------------------------------------------------------------------------------------------------------------------------------
_SEEDS_111111111111111111111111111111111111111111111111111111111000000000000000000000000000000000000000000000000000000000000000000000000000000000000000000000000000000000000000000000000000000000000000000000000000000000000000000000000000000000000000000000000000000000000000000000000000000000000000000000000000000101010101000110000000000000011111100000000000000000000000000000000000000000000000000000000000000000000000000000000000000000000000000000000000000000000000000000000000000000000000000000000000000000000000000000000000000000000000000000000000000000000000000000000000000000000000000000000000000000000000000000000000000000000000000000000000000000000000000000000000000000000000000000000000000000000000000000000000000000000000000000000000000000000000000000111111111111111111111111111111111111111111111111111111111000000000000000000000000000000000000000000000000000000000000000000000000000000000000000000000-0020406080a0ccdefg0jkl0nop0rstjlnprtnnnnnnpppppprrssNOPQ---------------------------------------------------------------------------------------------000000000000000000000000000000000000000000000000000000000000000000000000000000000000000000000000000000000000000000000000000000000000000000000000000000------------------------------------------------------------------------------------------------------------------------------------------------------;1.0;0.14166666666666672;0.05757435897435892;0.978767608756908;0.9943706263867554;0.04001630210474065;0.5353992604815716;0.14166666666666672;0.14166666666666672;-1;111111111111111111111111111111111111111111111111111111111000000000000000000000000000000000000000000000000000000000000000000000000000000000000000000000000000000000000000000000000000000000000000000000000000000000000000000000000000000000000000000000000000000000000000000000000000000000000000000000000000000101010101000110000000000000011111100000000000000000000000000000000000000000000000000000000000000000000000000000000000000000000000000000000000000000000000000000000000000000000000000000000000000000000000000000000000000000000000000000000000000000000000000000000000000000000000000000000000000000000000000000000000000000000000000000000000000000000000000000000000000000000000000000000000000000000000000000000000000000000000000000000000000000000000000000111111111111111111111111111111111111111111111111111111111000000000000000000000000000000000000000000000000000000000000000000000000000000000000000000000-0020406080a0ccdefg0jkl0nop0rstjlnprtnnnnnnpppppprrssNOPQ---------------------------------------------------------------------------------------------000000000000000000000000000000000000000000000000000000000000000000000000000000000000000000000000000000000000000000000000000000000000000000000000000000------------------------------------------------------------------------------------------------------------------------------------------------------
_SEEDS_111111111111111111111111111111111111111111111111111111111000000000000000000000000000000000000000000000000000000000000000000000000000000000000000000000000000000000000000000000000000000000000000000000000000000000000000000000000000000000000000000000000000000000000000000000000000000000000000000000000000000101010101000110000000000000011111100000000000000000000000000000000000000000000000000000000000000000000000000000000000000000000000000000000000000000000000000000000000000000000000000000000000000000000000000000000000000000000000000000000000000000000000000000000000000000000000000000000000000000000000000000000000000000000000000000000000000000000000000000000000000000000000000000000000000000000000000000000000000000000000000000000000000000000000000000111111111111111111111111111111111111111111111111111111111000000000000000000000000000000000000000000000000000000000000000000000000000000000000000000000-0020406080a0ccdefg0jkl0nop0rstjlnprtnnnnnnpppppprrssNOPQ---------------------------------------------------------------------------------------------000000000000000000000000000000000000000000000000000000000000000000000000000000000000000000000000000000000000000000000000000000000000000000000000000000------------------------------------------------------------------------------------------------------------------------------------------------------;1.0;0.13228174603174592;0.08522471261578979;0.977064570150842;0.9927364976164677;0.05194778942776375;0.5398758859737682;0.13228174603174592;0.13228174603174592;-1;111111111111111111111111111111111111111111111111111111111000000000000000000000000000000000000000000000000000000000000000000000000000000000000000000000000000000000000000000000000000000000000000000000000000000000000000000000000000000000000000000000000000000000000000000000000000000000000000000000000000000101010101000110000000000000011111100000000000000000000000000000000000000000000000000000000000000000000000000000000000000000000000000000000000000000000000000000000000000000000000000000000000000000000000000000000000000000000000000000000000000000000000000000000000000000000000000000000000000000000000000000000000000000000000000000000000000000000000000000000000000000000000000000000000000000000000000000000000000000000000000000000000000000000000000000111111111111111111111111111111111111111111111111111111111000000000000000000000000000000000000000000000000000000000000000000000000000000000000000000000-0020406080a0ccdefg0jkl0nop0rstjlnprtnnnnnnpppppprrssNOPQ---------------------------------------------------------------------------------------------000000000000000000000000000000000000000000000000000000000000000000000000000000000000000000000000000000000000000000000000000000000000000000000000000000------------------------------------------------------------------------------------------------------------------------------------------------------
_SEEDS_111111111111111111111111111111111111111111111111111111111000000000000000000000000000000000000000000000000000000000000000000000000000000000000000000000000000000000000000000000000000000000000000000000000000000000000000000000000000000000000000000000000000000000000000000000000000000000000000000000000000000101010101000110000000000000011111100000000000000000000000000000000000000000000000000000000000000000000000000000000000000000000000000000000000000000000000000000000000000000000000000000000000000000000000000000000000000000000000000000000000000000000000000000000000000000000000000000000000000000000000000000000000000000000000000000000000000000000000000000000000000000000000000000000000000000000000000000000000000000000000000000000000000000000000000000111111111111111111111111111111111111111111111111111111111000000000000000000000000000000000000000000000000000000000000000000000000000000000000000000000-0020406080a0ccdefg0jkl0nop0rstjlnprtnnnnnnpppppprrssNOPQ---------------------------------------------------------------------------------------------000000000000000000000000000000000000000000000000000000000000000000000000000000000000000000000000000000000000000000000000000000000000000000000000000000------------------------------------------------------------------------------------------------------------------------------------------------------;1.0;0.13317460317460317;0.05839815325516695;0.9777044178526499;0.9930864908687489;0.040145607214573505;0.5337515453942904;0.13317460317460317;0.13317460317460317;-1;111111111111111111111111111111111111111111111111111111111000000000000000000000000000000000000000000000000000000000000000000000000000000000000000000000000000000000000000000000000000000000000000000000000000000000000000000000000000000000000000000000000000000000000000000000000000000000000000000000000000000101010101000110000000000000011111100000000000000000000000000000000000000000000000000000000000000000000000000000000000000000000000000000000000000000000000000000000000000000000000000000000000000000000000000000000000000000000000000000000000000000000000000000000000000000000000000000000000000000000000000000000000000000000000000000000000000000000000000000000000000000000000000000000000000000000000000000000000000000000000000000000000000000000000000000111111111111111111111111111111111111111111111111111111111000000000000000000000000000000000000000000000000000000000000000000000000000000000000000000000-0020406080a0ccdefg0jkl0nop0rstjlnprtnnnnnnpppppprrssNOPQ---------------------------------------------------------------------------------------------000000000000000000000000000000000000000000000000000000000000000000000000000000000000000000000000000000000000000000000000000000000000000000000000000000------------------------------------------------------------------------------------------------------------------------------------------------------
_SEEDS_111111111111111111111111111111111111111111111111111111111000000000000000000000000000000000000000000000000000000000000000000000000000000000000000000000000000000000000000000000000000000000000000000000000000000000000000000000000000000000000000000000000000000000000000000000000000000000000000000000000000000101010101000110000000000000011111100000000000000000000000000000000000000000000000000000000000000000000000000000000000000000000000000000000000000000000000000000000000000000000000000000000000000000000000000000000000000000000000000000000000000000000000000000000000000000000000000000000000000000000000000000000000000000000000000000000000000000000000000000000000000000000000000000000000000000000000000000000000000000000000000000000000000000000000000000111111111111111111111111111111111111111111111111111111111000000000000000000000000000000000000000000000000000000000000000000000000000000000000000000000-0020406080a0ccdefg0jkl0nop0rstjlnprtnnnnnnpppppprrssNOPQ---------------------------------------------------------------------------------------------000000000000000000000000000000000000000000000000000000000000000000000000000000000000000000000000000000000000000000000000000000000000000000000000000000------------------------------------------------------------------------------------------------------------------------------------------------------;1.0;0.14117063492063486;0.08428938155312116;0.9783826968030265;0.9930875576036866;0.046328769853718546;0.5405431734556979;0.14117063492063486;0.14117063492063486;-1;111111111111111111111111111111111111111111111111111111111000000000000000000000000000000000000000000000000000000000000000000000000000000000000000000000000000000000000000000000000000000000000000000000000000000000000000000000000000000000000000000000000000000000000000000000000000000000000000000000000000000101010101000110000000000000011111100000000000000000000000000000000000000000000000000000000000000000000000000000000000000000000000000000000000000000000000000000000000000000000000000000000000000000000000000000000000000000000000000000000000000000000000000000000000000000000000000000000000000000000000000000000000000000000000000000000000000000000000000000000000000000000000000000000000000000000000000000000000000000000000000000000000000000000000000000111111111111111111111111111111111111111111111111111111111000000000000000000000000000000000000000000000000000000000000000000000000000000000000000000000-0020406080a0ccdefg0jkl0nop0rstjlnprtnnnnnnpppppprrssNOPQ---------------------------------------------------------------------------------------------000000000000000000000000000000000000000000000000000000000000000000000000000000000000000000000000000000000000000000000000000000000000000000000000000000------------------------------------------------------------------------------------------------------------------------------------------------------
_SEEDS_111111111111111111111111111111111111111111111111111111111000000000000000000000000000000000000000000000000000000000000000000000000000000000000000000000000000000000000000000000000000000000000000000000000000000000000000000000000000000000000000000000000000000000000000000000000000000000000000000000000000000101010101000110000000000000011111100000000000000000000000000000000000000000000000000000000000000000000000000000000000000000000000000000000000000000000000000000000000000000000000000000000000000000000000000000000000000000000000000000000000000000000000000000000000000000000000000000000000000000000000000000000000000000000000000000000000000000000000000000000000000000000000000000000000000000000000000000000000000000000000000000000000000000000000000000111111111111111111111111111111111111111111111111111111111000000000000000000000000000000000000000000000000000000000000000000000000000000000000000000000-0020406080a0ccdefg0jkl0nop0rstjlnprtnnnnnnpppppprrssNOPQ---------------------------------------------------------------------------------------------000000000000000000000000000000000000000000000000000000000000000000000000000000000000000000000000000000000000000000000000000000000000000000000000000000------------------------------------------------------------------------------------------------------------------------------------------------------;1.0;0.13406746031746042;0.05887792123528235;0.9797371400120867;0.9954074599235889;0.042424686402135335;0.5350857779817589;0.13406746031746042;0.13406746031746042;-1;111111111111111111111111111111111111111111111111111111111000000000000000000000000000000000000000000000000000000000000000000000000000000000000000000000000000000000000000000000000000000000000000000000000000000000000000000000000000000000000000000000000000000000000000000000000000000000000000000000000000000101010101000110000000000000011111100000000000000000000000000000000000000000000000000000000000000000000000000000000000000000000000000000000000000000000000000000000000000000000000000000000000000000000000000000000000000000000000000000000000000000000000000000000000000000000000000000000000000000000000000000000000000000000000000000000000000000000000000000000000000000000000000000000000000000000000000000000000000000000000000000000000000000000000000000111111111111111111111111111111111111111111111111111111111000000000000000000000000000000000000000000000000000000000000000000000000000000000000000000000-0020406080a0ccdefg0jkl0nop0rstjlnprtnnnnnnpppppprrssNOPQ---------------------------------------------------------------------------------------------000000000000000000000000000000000000000000000000000000000000000000000000000000000000000000000000000000000000000000000000000000000000000000000000000000------------------------------------------------------------------------------------------------------------------------------------------------------
_SEEDS_111111111111111111111111111111111111111111111111111111111000000000000000000000000000000000000000000000000000000000000000000000000000000000000000000000000000000000000000000000000000000000000000000000000000000000000000000000000000000000000000000000000000000000000000000000000000000000000000000000000000000101010101000110000000000000011111100000000000000000000000000000000000000000000000000000000000000000000000000000000000000000000000000000000000000000000000000000000000000000000000000000000000000000000000000000000000000000000000000000000000000000000000000000000000000000000000000000000000000000000000000000000000000000000000000000000000000000000000000000000000000000000000000000000000000000000000000000000000000000000000000000000000000000000000000000111111111111111111111111111111111111111111111111111111111000000000000000000000000000000000000000000000000000000000000000000000000000000000000000000000-0020406080a0ccdefg0jkl0nop0rstjlnprtnnnnnnpppppprrssNOPQ---------------------------------------------------------------------------------------------000000000000000000000000000000000000000000000000000000000000000000000000000000000000000000000000000000000000000000000000000000000000000000000000000000------------------------------------------------------------------------------------------------------------------------------------------------------;1.0;0.13902777777777764;0.03837962962962971;0.9761855195478351;0.9923209145991404;0.044113868602198125;0.5316712850260968;0.13902777777777764;0.13902777777777764;-1;111111111111111111111111111111111111111111111111111111111000000000000000000000000000000000000000000000000000000000000000000000000000000000000000000000000000000000000000000000000000000000000000000000000000000000000000000000000000000000000000000000000000000000000000000000000000000000000000000000000000000101010101000110000000000000011111100000000000000000000000000000000000000000000000000000000000000000000000000000000000000000000000000000000000000000000000000000000000000000000000000000000000000000000000000000000000000000000000000000000000000000000000000000000000000000000000000000000000000000000000000000000000000000000000000000000000000000000000000000000000000000000000000000000000000000000000000000000000000000000000000000000000000000000000000000111111111111111111111111111111111111111111111111111111111000000000000000000000000000000000000000000000000000000000000000000000000000000000000000000000-0020406080a0ccdefg0jkl0nop0rstjlnprtnnnnnnpppppprrssNOPQ---------------------------------------------------------------------------------------------000000000000000000000000000000000000000000000000000000000000000000000000000000000000000000000000000000000000000000000000000000000000000000000000000000------------------------------------------------------------------------------------------------------------------------------------------------------
_SEEDS_111111111111111111111111111111111111111111111111111111111000000000000000000000000000000000000000000000000000000000000000000000000000000000000000000000000000000000000000000000000000000000000000000000000000000000000000000000000000000000000000000000000000000000000000000000000000000000000000000000000000000101010101000110000000000000011111100000000000000000000000000000000000000000000000000000000000000000000000000000000000000000000000000000000000000000000000000000000000000000000000000000000000000000000000000000000000000000000000000000000000000000000000000000000000000000000000000000000000000000000000000000000000000000000000000000000000000000000000000000000000000000000000000000000000000000000000000000000000000000000000000000000000000000000000000000111111111111111111111111111111111111111111111111111111111000000000000000000000000000000000000000000000000000000000000000000000000000000000000000000000-0020406080a0ccdefg0jkl0nop0rstjlnprtnnnnnnpppppprrssNOPQ---------------------------------------------------------------------------------------------000000000000000000000000000000000000000000000000000000000000000000000000000000000000000000000000000000000000000000000000000000000000000000000000000000------------------------------------------------------------------------------------------------------------------------------------------------------;1.0;0.1276587301587303;0.03946138315710235;0.9744099581470078;0.9914070806222656;0.04397441107449394;0.5294852605265999;0.1276587301587303;0.1276587301587303;-1;111111111111111111111111111111111111111111111111111111111000000000000000000000000000000000000000000000000000000000000000000000000000000000000000000000000000000000000000000000000000000000000000000000000000000000000000000000000000000000000000000000000000000000000000000000000000000000000000000000000000000101010101000110000000000000011111100000000000000000000000000000000000000000000000000000000000000000000000000000000000000000000000000000000000000000000000000000000000000000000000000000000000000000000000000000000000000000000000000000000000000000000000000000000000000000000000000000000000000000000000000000000000000000000000000000000000000000000000000000000000000000000000000000000000000000000000000000000000000000000000000000000000000000000000000000111111111111111111111111111111111111111111111111111111111000000000000000000000000000000000000000000000000000000000000000000000000000000000000000000000-0020406080a0ccdefg0jkl0nop0rstjlnprtnnnnnnpppppprrssNOPQ---------------------------------------------------------------------------------------------000000000000000000000000000000000000000000000000000000000000000000000000000000000000000000000000000000000000000000000000000000000000000000000000000000------------------------------------------------------------------------------------------------------------------------------------------------------
_SEEDS_111111111111111111111111111111111111111111111111111111111000000000000000000000000000000000000000000000000000000000000000000000000000000000000000000000000000000000000000000000000000000000000000000000000000000000000000000000000000000000000000000000000000000000000000000000000000000000000000000000000000000101010101000110000000000000011111100000000000000000000000000000000000000000000000000000000000000000000000000000000000000000000000000000000000000000000000000000000000000000000000000000000000000000000000000000000000000000000000000000000000000000000000000000000000000000000000000000000000000000000000000000000000000000000000000000000000000000000000000000000000000000000000000000000000000000000000000000000000000000000000000000000000000000000000000000111111111111111111111111111111111111111111111111111111111000000000000000000000000000000000000000000000000000000000000000000000000000000000000000000000-0020406080a0ccdefg0jkl0nop0rstjlnprtnnnnnnpppppprrssNOPQ---------------------------------------------------------------------------------------------000000000000000000000000000000000000000000000000000000000000000000000000000000000000000000000000000000000000000000000000000000000000000000000000000000------------------------------------------------------------------------------------------------------------------------------------------------------;1.0;0.13281746031746033;0.04136915169819322;0.974252076621535;0.9912569412194319;0.05247426341784102;0.5320283155457436;0.13281746031746033;0.13281746031746033;-1;111111111111111111111111111111111111111111111111111111111000000000000000000000000000000000000000000000000000000000000000000000000000000000000000000000000000000000000000000000000000000000000000000000000000000000000000000000000000000000000000000000000000000000000000000000000000000000000000000000000000000101010101000110000000000000011111100000000000000000000000000000000000000000000000000000000000000000000000000000000000000000000000000000000000000000000000000000000000000000000000000000000000000000000000000000000000000000000000000000000000000000000000000000000000000000000000000000000000000000000000000000000000000000000000000000000000000000000000000000000000000000000000000000000000000000000000000000000000000000000000000000000000000000000000000000111111111111111111111111111111111111111111111111111111111000000000000000000000000000000000000000000000000000000000000000000000000000000000000000000000-0020406080a0ccdefg0jkl0nop0rstjlnprtnnnnnnpppppprrssNOPQ---------------------------------------------------------------------------------------------000000000000000000000000000000000000000000000000000000000000000000000000000000000000000000000000000000000000000000000000000000000000000000000000000000------------------------------------------------------------------------------------------------------------------------------------------------------
_SEEDS_111111111111111111111111111111111111111111111111111111111000000000000000000000000000000000000000000000000000000000000000000000000000000000000000000000000000000000000000000000000000000000000000000000000000000000000000000000000000000000000000000000000000000000000000000000000000000000000000000000000000000101010101000110000000000000011111100000000000000000000000000000000000000000000000000000000000000000000000000000000000000000000000000000000000000000000000000000000000000000000000000000000000000000000000000000000000000000000000000000000000000000000000000000000000000000000000000000000000000000000000000000000000000000000000000000000000000000000000000000000000000000000000000000000000000000000000000000000000000000000000000000000000000000000000000000111111111111111111111111111111111111111111111111111111111000000000000000000000000000000000000000000000000000000000000000000000000000000000000000000000-0020406080a0ccdefg0jkl0nop0rstjlnprtnnnnnnpppppprrssNOPQ---------------------------------------------------------------------------------------------000000000000000000000000000000000000000000000000000000000000000000000000000000000000000000000000000000000000000000000000000000000000000000000000000000------------------------------------------------------------------------------------------------------------------------------------------------------;1.0;0.1409126984126985;0.052454640875693515;0.9784883830207862;0.9941372247823861;0.036453537116400446;0.5337410807013275;0.1409126984126985;0.1409126984126985;-1;111111111111111111111111111111111111111111111111111111111000000000000000000000000000000000000000000000000000000000000000000000000000000000000000000000000000000000000000000000000000000000000000000000000000000000000000000000000000000000000000000000000000000000000000000000000000000000000000000000000000000101010101000110000000000000011111100000000000000000000000000000000000000000000000000000000000000000000000000000000000000000000000000000000000000000000000000000000000000000000000000000000000000000000000000000000000000000000000000000000000000000000000000000000000000000000000000000000000000000000000000000000000000000000000000000000000000000000000000000000000000000000000000000000000000000000000000000000000000000000000000000000000000000000000000000111111111111111111111111111111111111111111111111111111111000000000000000000000000000000000000000000000000000000000000000000000000000000000000000000000-0020406080a0ccdefg0jkl0nop0rstjlnprtnnnnnnpppppprrssNOPQ---------------------------------------------------------------------------------------------000000000000000000000000000000000000000000000000000000000000000000000000000000000000000000000000000000000000000000000000000000000000000000000000000000------------------------------------------------------------------------------------------------------------------------------------------------------
_SEEDS_111111111111111111111111111111111111111111111111111111111000000000000000000000000000000000000000000000000000000000000000000000000000000000000000000000000000000000000000000000000000000000000000000000000000000000000000000000000000000000000000000000000000000000000000000000000000000000000000000000000000000101010101000110000000000000011111100000000000000000000000000000000000000000000000000000000000000000000000000000000000000000000000000000000000000000000000000000000000000000000000000000000000000000000000000000000000000000000000000000000000000000000000000000000000000000000000000000000000000000000000000000000000000000000000000000000000000000000000000000000000000000000000000000000000000000000000000000000000000000000000000000000000000000000000000000111111111111111111111111111111111111111111111111111111111000000000000000000000000000000000000000000000000000000000000000000000000000000000000000000000-0020406080a0ccdefg0jkl0nop0rstjlnprtnnnnnnpppppprrssNOPQ---------------------------------------------------------------------------------------------000000000000000000000000000000000000000000000000000000000000000000000000000000000000000000000000000000000000000000000000000000000000000000000000000000------------------------------------------------------------------------------------------------------------------------------------------------------;1.0;0.1294841269841268;0.03856760374832657;0.9760745968748891;0.9928409309668687;0.04543101365130734;0.5303997120375864;0.1294841269841268;0.1294841269841268;-1;111111111111111111111111111111111111111111111111111111111000000000000000000000000000000000000000000000000000000000000000000000000000000000000000000000000000000000000000000000000000000000000000000000000000000000000000000000000000000000000000000000000000000000000000000000000000000000000000000000000000000101010101000110000000000000011111100000000000000000000000000000000000000000000000000000000000000000000000000000000000000000000000000000000000000000000000000000000000000000000000000000000000000000000000000000000000000000000000000000000000000000000000000000000000000000000000000000000000000000000000000000000000000000000000000000000000000000000000000000000000000000000000000000000000000000000000000000000000000000000000000000000000000000000000000000111111111111111111111111111111111111111111111111111111111000000000000000000000000000000000000000000000000000000000000000000000000000000000000000000000-0020406080a0ccdefg0jkl0nop0rstjlnprtnnnnnnpppppprrssNOPQ---------------------------------------------------------------------------------------------000000000000000000000000000000000000000000000000000000000000000000000000000000000000000000000000000000000000000000000000000000000000000000000000000000------------------------------------------------------------------------------------------------------------------------------------------------------
_SEEDS_111111111111111111111111111111111111111111111111111111111000000000000000000000000000000000000000000000000000000000000000000000000000000000000000000000000000000000000000000000000000000000000000000000000000000000000000000000000000000000000000000000000000000000000000000000000000000000000000000000000000000101010101000110000000000000011111100000000000000000000000000000000000000000000000000000000000000000000000000000000000000000000000000000000000000000000000000000000000000000000000000000000000000000000000000000000000000000000000000000000000000000000000000000000000000000000000000000000000000000000000000000000000000000000000000000000000000000000000000000000000000000000000000000000000000000000000000000000000000000000000000000000000000000000000000000111111111111111111111111111111111111111111111111111111111000000000000000000000000000000000000000000000000000000000000000000000000000000000000000000000-0020406080a0ccdefg0jkl0nop0rstjlnprtnnnnnnpppppprrssNOPQ---------------------------------------------------------------------------------------------000000000000000000000000000000000000000000000000000000000000000000000000000000000000000000000000000000000000000000000000000000000000000000000000000000------------------------------------------------------------------------------------------------------------------------------------------------------;1.0;0.13281746031746033;0.10767254698247164;0.9804692708430784;0.994920052119108;0.047173983493697266;0.5438422189593025;0.13281746031746033;0.13281746031746033;-1;111111111111111111111111111111111111111111111111111111111000000000000000000000000000000000000000000000000000000000000000000000000000000000000000000000000000000000000000000000000000000000000000000000000000000000000000000000000000000000000000000000000000000000000000000000000000000000000000000000000000000101010101000110000000000000011111100000000000000000000000000000000000000000000000000000000000000000000000000000000000000000000000000000000000000000000000000000000000000000000000000000000000000000000000000000000000000000000000000000000000000000000000000000000000000000000000000000000000000000000000000000000000000000000000000000000000000000000000000000000000000000000000000000000000000000000000000000000000000000000000000000000000000000000000000000111111111111111111111111111111111111111111111111111111111000000000000000000000000000000000000000000000000000000000000000000000000000000000000000000000-0020406080a0ccdefg0jkl0nop0rstjlnprtnnnnnnpppppprrssNOPQ---------------------------------------------------------------------------------------------000000000000000000000000000000000000000000000000000000000000000000000000000000000000000000000000000000000000000000000000000000000000000000000000000000------------------------------------------------------------------------------------------------------------------------------------------------------
_SEEDS_111111111111111111111111111111111111111111111111111111111000000000000000000000000000000000000000000000000000000000000000000000000000000000000000000000000000000000000000000000000000000000000000000000000000000000000000000000000000000000000000000000000000000000000000000000000000000000000000000000000000000101010101000110000000000000011111100000000000000000000000000000000000000000000000000000000000000000000000000000000000000000000000000000000000000000000000000000000000000000000000000000000000000000000000000000000000000000000000000000000000000000000000000000000000000000000000000000000000000000000000000000000000000000000000000000000000000000000000000000000000000000000000000000000000000000000000000000000000000000000000000000000000000000000000000000111111111111111111111111111111111111111111111111111111111000000000000000000000000000000000000000000000000000000000000000000000000000000000000000000000-0020406080a0ccdefg0jkl0nop0rstjlnprtnnnnnnpppppprrssNOPQ---------------------------------------------------------------------------------------------000000000000000000000000000000000000000000000000000000000000000000000000000000000000000000000000000000000000000000000000000000000000000000000000000000------------------------------------------------------------------------------------------------------------------------------------------------------;1.0;0.13476190476190497;0.03890327323871634;0.9760496476545784;0.9924534903567162;0.03817105541397236;0.5300565619043147;0.13476190476190497;0.13476190476190497;-1;111111111111111111111111111111111111111111111111111111111000000000000000000000000000000000000000000000000000000000000000000000000000000000000000000000000000000000000000000000000000000000000000000000000000000000000000000000000000000000000000000000000000000000000000000000000000000000000000000000000000000101010101000110000000000000011111100000000000000000000000000000000000000000000000000000000000000000000000000000000000000000000000000000000000000000000000000000000000000000000000000000000000000000000000000000000000000000000000000000000000000000000000000000000000000000000000000000000000000000000000000000000000000000000000000000000000000000000000000000000000000000000000000000000000000000000000000000000000000000000000000000000000000000000000000000111111111111111111111111111111111111111111111111111111111000000000000000000000000000000000000000000000000000000000000000000000000000000000000000000000-0020406080a0ccdefg0jkl0nop0rstjlnprtnnnnnnpppppprrssNOPQ---------------------------------------------------------------------------------------------000000000000000000000000000000000000000000000000000000000000000000000000000000000000000000000000000000000000000000000000000000000000000000000000000000------------------------------------------------------------------------------------------------------------------------------------------------------
_SEEDS_111111111111111111111111111111111111111111111111111111111000000000000000000000000000000000000000000000000000000000000000000000000000000000000000000000000000000000000000000000000000000000000000000000000000000000000000000000000000000000000000000000000000000000000000000000000000000000000000000000000000000101010101000110000000000000011111100000000000000000000000000000000000000000000000000000000000000000000000000000000000000000000000000000000000000000000000000000000000000000000000000000000000000000000000000000000000000000000000000000000000000000000000000000000000000000000000000000000000000000000000000000000000000000000000000000000000000000000000000000000000000000000000000000000000000000000000000000000000000000000000000000000000000000000000000000111111111111111111111111111111111111111111111111111111111000000000000000000000000000000000000000000000000000000000000000000000000000000000000000000000-0020406080a0ccdefg0jkl0nop0rstjlnprtnnnnnnpppppprrssNOPQ---------------------------------------------------------------------------------------------000000000000000000000000000000000000000000000000000000000000000000000000000000000000000000000000000000000000000000000000000000000000000000000000000000------------------------------------------------------------------------------------------------------------------------------------------------------;1.0;0.13589285714285715;0.020057720057719997;0.9766030028184884;0.9930870242362178;0.029408400614994175;0.525841500811713;0.13589285714285715;0.13589285714285715;-1;111111111111111111111111111111111111111111111111111111111000000000000000000000000000000000000000000000000000000000000000000000000000000000000000000000000000000000000000000000000000000000000000000000000000000000000000000000000000000000000000000000000000000000000000000000000000000000000000000000000000000101010101000110000000000000011111100000000000000000000000000000000000000000000000000000000000000000000000000000000000000000000000000000000000000000000000000000000000000000000000000000000000000000000000000000000000000000000000000000000000000000000000000000000000000000000000000000000000000000000000000000000000000000000000000000000000000000000000000000000000000000000000000000000000000000000000000000000000000000000000000000000000000000000000000000111111111111111111111111111111111111111111111111111111111000000000000000000000000000000000000000000000000000000000000000000000000000000000000000000000-0020406080a0ccdefg0jkl0nop0rstjlnprtnnnnnnpppppprrssNOPQ---------------------------------------------------------------------------------------------000000000000000000000000000000000000000000000000000000000000000000000000000000000000000000000000000000000000000000000000000000000000000000000000000000------------------------------------------------------------------------------------------------------------------------------------------------------
_SEEDS_111111111111111111111111111111111111111111111111111111111000000000000000000000000000000000000000000000000000000000000000000000000000000000000000000000000000000000000000000000000000000000000000000000000000000000000000000000000000000000000000000000000000000000000000000000000000000000000000000000000000000101010101000110000000000000011111100000000000000000000000000000000000000000000000000000000000000000000000000000000000000000000000000000000000000000000000000000000000000000000000000000000000000000000000000000000000000000000000000000000000000000000000000000000000000000000000000000000000000000000000000000000000000000000000000000000000000000000000000000000000000000000000000000000000000000000000000000000000000000000000000000000000000000000000000000111111111111111111111111111111111111111111111111111111111000000000000000000000000000000000000000000000000000000000000000000000000000000000000000000000-0020406080a0ccdefg0jkl0nop0rstjlnprtnnnnnnpppppprrssNOPQ---------------------------------------------------------------------------------------------000000000000000000000000000000000000000000000000000000000000000000000000000000000000000000000000000000000000000000000000000000000000000000000000000000------------------------------------------------------------------------------------------------------------------------------------------------------;1.0;0.13632936507936477;0.04159540547267182;0.9803634460320055;0.9962536268987882;0.038230484791223;0.532128721379009;0.13632936507936477;0.13632936507936477;-1;111111111111111111111111111111111111111111111111111111111000000000000000000000000000000000000000000000000000000000000000000000000000000000000000000000000000000000000000000000000000000000000000000000000000000000000000000000000000000000000000000000000000000000000000000000000000000000000000000000000000000101010101000110000000000000011111100000000000000000000000000000000000000000000000000000000000000000000000000000000000000000000000000000000000000000000000000000000000000000000000000000000000000000000000000000000000000000000000000000000000000000000000000000000000000000000000000000000000000000000000000000000000000000000000000000000000000000000000000000000000000000000000000000000000000000000000000000000000000000000000000000000000000000000000000000111111111111111111111111111111111111111111111111111111111000000000000000000000000000000000000000000000000000000000000000000000000000000000000000000000-0020406080a0ccdefg0jkl0nop0rstjlnprtnnnnnnpppppprrssNOPQ---------------------------------------------------------------------------------------------000000000000000000000000000000000000000000000000000000000000000000000000000000000000000000000000000000000000000000000000000000000000000000000000000000------------------------------------------------------------------------------------------------------------------------------------------------------
_SEEDS_111111111111111111111111111111111111111111111111111111111000000000000000000000000000000000000000000000000000000000000000000000000000000000000000000000000000000000000000000000000000000000000000000000000000000000000000000000000000000000000000000000000000000000000000000000000000000000000000000000000000000101010101000110000000000000011111100000000000000000000000000000000000000000000000000000000000000000000000000000000000000000000000000000000000000000000000000000000000000000000000000000000000000000000000000000000000000000000000000000000000000000000000000000000000000000000000000000000000000000000000000000000000000000000000000000000000000000000000000000000000000000000000000000000000000000000000000000000000000000000000000000000000000000000000000000111111111111111111111111111111111111111111111111111111111000000000000000000000000000000000000000000000000000000000000000000000000000000000000000000000-0020406080a0ccdefg0jkl0nop0rstjlnprtnnnnnnpppppprrssNOPQ---------------------------------------------------------------------------------------------000000000000000000000000000000000000000000000000000000000000000000000000000000000000000000000000000000000000000000000000000000000000000000000000000000------------------------------------------------------------------------------------------------------------------------------------------------------;1.0;0.13623015873015876;0.0377332420810681;0.976951821794697;0.9934413256993903;0.03841545441452226;0.530462000453306;0.13623015873015876;0.13623015873015876;-1;111111111111111111111111111111111111111111111111111111111000000000000000000000000000000000000000000000000000000000000000000000000000000000000000000000000000000000000000000000000000000000000000000000000000000000000000000000000000000000000000000000000000000000000000000000000000000000000000000000000000000101010101000110000000000000011111100000000000000000000000000000000000000000000000000000000000000000000000000000000000000000000000000000000000000000000000000000000000000000000000000000000000000000000000000000000000000000000000000000000000000000000000000000000000000000000000000000000000000000000000000000000000000000000000000000000000000000000000000000000000000000000000000000000000000000000000000000000000000000000000000000000000000000000000000000111111111111111111111111111111111111111111111111111111111000000000000000000000000000000000000000000000000000000000000000000000000000000000000000000000-0020406080a0ccdefg0jkl0nop0rstjlnprtnnnnnnpppppprrssNOPQ---------------------------------------------------------------------------------------------000000000000000000000000000000000000000000000000000000000000000000000000000000000000000000000000000000000000000000000000000000000000000000000000000000------------------------------------------------------------------------------------------------------------------------------------------------------
_SEEDS_111111111111111111111111111111111111111111111111111111111000000000000000000000000000000000000000000000000000000000000000000000000000000000000000000000000000000000000000000000000000000000000000000000000000000000000000000000000000000000000000000000000000000000000000000000000000000000000000000000000000000101010101000110000000000000011111100000000000000000000000000000000000000000000000000000000000000000000000000000000000000000000000000000000000000000000000000000000000000000000000000000000000000000000000000000000000000000000000000000000000000000000000000000000000000000000000000000000000000000000000000000000000000000000000000000000000000000000000000000000000000000000000000000000000000000000000000000000000000000000000000000000000000000000000000000111111111111111111111111111111111111111111111111111111111000000000000000000000000000000000000000000000000000000000000000000000000000000000000000000000-0020406080a0ccdefg0jkl0nop0rstjlnprtnnnnnnpppppprrssNOPQ---------------------------------------------------------------------------------------------000000000000000000000000000000000000000000000000000000000000000000000000000000000000000000000000000000000000000000000000000000000000000000000000000000------------------------------------------------------------------------------------------------------------------------------------------------------;1.0;0.1386507936507937;0.02227488151658763;0.9774704674261326;0.9944202320421375;0.046846962626043535;0.5299438895436158;0.1386507936507937;0.1386507936507937;-1;111111111111111111111111111111111111111111111111111111111000000000000000000000000000000000000000000000000000000000000000000000000000000000000000000000000000000000000000000000000000000000000000000000000000000000000000000000000000000000000000000000000000000000000000000000000000000000000000000000000000000101010101000110000000000000011111100000000000000000000000000000000000000000000000000000000000000000000000000000000000000000000000000000000000000000000000000000000000000000000000000000000000000000000000000000000000000000000000000000000000000000000000000000000000000000000000000000000000000000000000000000000000000000000000000000000000000000000000000000000000000000000000000000000000000000000000000000000000000000000000000000000000000000000000000000111111111111111111111111111111111111111111111111111111111000000000000000000000000000000000000000000000000000000000000000000000000000000000000000000000-0020406080a0ccdefg0jkl0nop0rstjlnprtnnnnnnpppppprrssNOPQ---------------------------------------------------------------------------------------------000000000000000000000000000000000000000000000000000000000000000000000000000000000000000000000000000000000000000000000000000000000000000000000000000000------------------------------------------------------------------------------------------------------------------------------------------------------
_SEEDS_111111111111111111111111111111111111111111111111111111111000000000000000000000000000000000000000000000000000000000000000000000000000000000000000000000000000000000000000000000000000000000000000000000000000000000000000000000000000000000000000000000000000000000000000000000000000000000000000000000000000000101010101000110000000000000011111100000000000000000000000000000000000000000000000000000000000000000000000000000000000000000000000000000000000000000000000000000000000000000000000000000000000000000000000000000000000000000000000000000000000000000000000000000000000000000000000000000000000000000000000000000000000000000000000000000000000000000000000000000000000000000000000000000000000000000000000000000000000000000000000000000000000000000000000000000111111111111111111111111111111111111111111111111111111111000000000000000000000000000000000000000000000000000000000000000000000000000000000000000000000-0020406080a0ccdefg0jkl0nop0rstjlnprtnnnnnnpppppprrssNOPQ---------------------------------------------------------------------------------------------000000000000000000000000000000000000000000000000000000000000000000000000000000000000000000000000000000000000000000000000000000000000000000000000000000------------------------------------------------------------------------------------------------------------------------------------------------------;1.0;0.13396825396825418;0.06262639222335098;0.979317353015808;0.9946492575524833;0.039209893410208904;0.5349618583616843;0.13396825396825418;0.13396825396825418;-1;111111111111111111111111111111111111111111111111111111111000000000000000000000000000000000000000000000000000000000000000000000000000000000000000000000000000000000000000000000000000000000000000000000000000000000000000000000000000000000000000000000000000000000000000000000000000000000000000000000000000000101010101000110000000000000011111100000000000000000000000000000000000000000000000000000000000000000000000000000000000000000000000000000000000000000000000000000000000000000000000000000000000000000000000000000000000000000000000000000000000000000000000000000000000000000000000000000000000000000000000000000000000000000000000000000000000000000000000000000000000000000000000000000000000000000000000000000000000000000000000000000000000000000000000000000111111111111111111111111111111111111111111111111111111111000000000000000000000000000000000000000000000000000000000000000000000000000000000000000000000-0020406080a0ccdefg0jkl0nop0rstjlnprtnnnnnnpppppprrssNOPQ---------------------------------------------------------------------------------------------000000000000000000000000000000000000000000000000000000000000000000000000000000000000000000000000000000000000000000000000000000000000000000000000000000------------------------------------------------------------------------------------------------------------------------------------------------------
_SEEDS_111111111111111111111111111111111111111111111111111111111000000000000000000000000000000000000000000000000000000000000000000000000000000000000000000000000000000000000000000000000000000000000000000000000000000000000000000000000000000000000000000000000000000000000000000000000000000000000000000000000000000101010101000110000000000000011111100000000000000000000000000000000000000000000000000000000000000000000000000000000000000000000000000000000000000000000000000000000000000000000000000000000000000000000000000000000000000000000000000000000000000000000000000000000000000000000000000000000000000000000000000000000000000000000000000000000000000000000000000000000000000000000000000000000000000000000000000000000000000000000000000000000000000000000000000000111111111111111111111111111111111111111111111111111111111000000000000000000000000000000000000000000000000000000000000000000000000000000000000000000000-0020406080a0ccdefg0jkl0nop0rstjlnprtnnnnnnpppppprrssNOPQ---------------------------------------------------------------------------------------------000000000000000000000000000000000000000000000000000000000000000000000000000000000000000000000000000000000000000000000000000000000000000000000000000000------------------------------------------------------------------------------------------------------------------------------------------------------;1.0;0.13742063492063517;0.0628914743121215;0.9796208761888544;0.9952039597200888;0.04307108026868894;0.5363680042350648;0.13742063492063517;0.13742063492063517;-1;111111111111111111111111111111111111111111111111111111111000000000000000000000000000000000000000000000000000000000000000000000000000000000000000000000000000000000000000000000000000000000000000000000000000000000000000000000000000000000000000000000000000000000000000000000000000000000000000000000000000000101010101000110000000000000011111100000000000000000000000000000000000000000000000000000000000000000000000000000000000000000000000000000000000000000000000000000000000000000000000000000000000000000000000000000000000000000000000000000000000000000000000000000000000000000000000000000000000000000000000000000000000000000000000000000000000000000000000000000000000000000000000000000000000000000000000000000000000000000000000000000000000000000000000000000111111111111111111111111111111111111111111111111111111111000000000000000000000000000000000000000000000000000000000000000000000000000000000000000000000-0020406080a0ccdefg0jkl0nop0rstjlnprtnnnnnnpppppprrssNOPQ---------------------------------------------------------------------------------------------000000000000000000000000000000000000000000000000000000000000000000000000000000000000000000000000000000000000000000000000000000000000000000000000000000------------------------------------------------------------------------------------------------------------------------------------------------------
_SEEDS_111111111111111111111111111111111111111111111111111111111000000000000000000000000000000000000000000000000000000000000000000000000000000000000000000000000000000000000000000000000000000000000000000000000000000000000000000000000000000000000000000000000000000000000000000000000000000000000000000000000000000101010101000110000000000000011111100000000000000000000000000000000000000000000000000000000000000000000000000000000000000000000000000000000000000000000000000000000000000000000000000000000000000000000000000000000000000000000000000000000000000000000000000000000000000000000000000000000000000000000000000000000000000000000000000000000000000000000000000000000000000000000000000000000000000000000000000000000000000000000000000000000000000000000000000000111111111111111111111111111111111111111111111111111111111000000000000000000000000000000000000000000000000000000000000000000000000000000000000000000000-0020406080a0ccdefg0jkl0nop0rstjlnprtnnnnnnpppppprrssNOPQ---------------------------------------------------------------------------------------------000000000000000000000000000000000000000000000000000000000000000000000000000000000000000000000000000000000000000000000000000000000000000000000000000000------------------------------------------------------------------------------------------------------------------------------------------------------;1.0;0.13621031746031742;0.0254602380734551;0.9761828667412015;0.9927528900311159;0.04249147454544704;0.5288496311419227;0.13621031746031742;0.13621031746031742;-1;111111111111111111111111111111111111111111111111111111111000000000000000000000000000000000000000000000000000000000000000000000000000000000000000000000000000000000000000000000000000000000000000000000000000000000000000000000000000000000000000000000000000000000000000000000000000000000000000000000000000000101010101000110000000000000011111100000000000000000000000000000000000000000000000000000000000000000000000000000000000000000000000000000000000000000000000000000000000000000000000000000000000000000000000000000000000000000000000000000000000000000000000000000000000000000000000000000000000000000000000000000000000000000000000000000000000000000000000000000000000000000000000000000000000000000000000000000000000000000000000000000000000000000000000000000111111111111111111111111111111111111111111111111111111111000000000000000000000000000000000000000000000000000000000000000000000000000000000000000000000-0020406080a0ccdefg0jkl0nop0rstjlnprtnnnnnnpppppprrssNOPQ---------------------------------------------------------------------------------------------000000000000000000000000000000000000000000000000000000000000000000000000000000000000000000000000000000000000000000000000000000000000000000000000000000------------------------------------------------------------------------------------------------------------------------------------------------------
_SEEDS_111111111111111111111111111111111111111111111111111111111000000000000000000000000000000000000000000000000000000000000000000000000000000000000000000000000000000000000000000000000000000000000000000000000000000000000000000000000000000000000000000000000000000000000000000000000000000000000000000000000000000101010101000110000000000000011111100000000000000000000000000000000000000000000000000000000000000000000000000000000000000000000000000000000000000000000000000000000000000000000000000000000000000000000000000000000000000000000000000000000000000000000000000000000000000000000000000000000000000000000000000000000000000000000000000000000000000000000000000000000000000000000000000000000000000000000000000000000000000000000000000000000000000000000000000000111111111111111111111111111111111111111111111111111111111000000000000000000000000000000000000000000000000000000000000000000000000000000000000000000000-0020406080a0ccdefg0jkl0nop0rstjlnprtnnnnnnpppppprrssNOPQ---------------------------------------------------------------------------------------------000000000000000000000000000000000000000000000000000000000000000000000000000000000000000000000000000000000000000000000000000000000000000000000000000000------------------------------------------------------------------------------------------------------------------------------------------------------;1.0;0.13714285714285712;0.06486718352821552;0.977689111786811;0.9944287659216391;0.03833846772820192;0.5354110643512874;0.13714285714285712;0.13714285714285712;-1;111111111111111111111111111111111111111111111111111111111000000000000000000000000000000000000000000000000000000000000000000000000000000000000000000000000000000000000000000000000000000000000000000000000000000000000000000000000000000000000000000000000000000000000000000000000000000000000000000000000000000101010101000110000000000000011111100000000000000000000000000000000000000000000000000000000000000000000000000000000000000000000000000000000000000000000000000000000000000000000000000000000000000000000000000000000000000000000000000000000000000000000000000000000000000000000000000000000000000000000000000000000000000000000000000000000000000000000000000000000000000000000000000000000000000000000000000000000000000000000000000000000000000000000000000000111111111111111111111111111111111111111111111111111111111000000000000000000000000000000000000000000000000000000000000000000000000000000000000000000000-0020406080a0ccdefg0jkl0nop0rstjlnprtnnnnnnpppppprrssNOPQ---------------------------------------------------------------------------------------------000000000000000000000000000000000000000000000000000000000000000000000000000000000000000000000000000000000000000000000000000000000000000000000000000000------------------------------------------------------------------------------------------------------------------------------------------------------
_SEEDS_111111111111111111111111111111111111111111111111111111111000000000000000000000000000000000000000000000000000000000000000000000000000000000000000000000000000000000000000000000000000000000000000000000000000000000000000000000000000000000000000000000000000000000000000000000000000000000000000000000000000000101010101000110000000000000011111100000000000000000000000000000000000000000000000000000000000000000000000000000000000000000000000000000000000000000000000000000000000000000000000000000000000000000000000000000000000000000000000000000000000000000000000000000000000000000000000000000000000000000000000000000000000000000000000000000000000000000000000000000000000000000000000000000000000000000000000000000000000000000000000000000000000000000000000000000111111111111111111111111111111111111111111111111111111111000000000000000000000000000000000000000000000000000000000000000000000000000000000000000000000-0020406080a0ccdefg0jkl0nop0rstjlnprtnnnnnnpppppprrssNOPQ---------------------------------------------------------------------------------------------000000000000000000000000000000000000000000000000000000000000000000000000000000000000000000000000000000000000000000000000000000000000000000000000000000------------------------------------------------------------------------------------------------------------------------------------------------------;1.0;0.13128968253968254;0.0;0.976488937761226;0.9938277155429004;0.03433904366169733;0.5226575632509177;0.13128968253968254;0.13128968253968254;-1;111111111111111111111111111111111111111111111111111111111000000000000000000000000000000000000000000000000000000000000000000000000000000000000000000000000000000000000000000000000000000000000000000000000000000000000000000000000000000000000000000000000000000000000000000000000000000000000000000000000000000101010101000110000000000000011111100000000000000000000000000000000000000000000000000000000000000000000000000000000000000000000000000000000000000000000000000000000000000000000000000000000000000000000000000000000000000000000000000000000000000000000000000000000000000000000000000000000000000000000000000000000000000000000000000000000000000000000000000000000000000000000000000000000000000000000000000000000000000000000000000000000000000000000000000000111111111111111111111111111111111111111111111111111111111000000000000000000000000000000000000000000000000000000000000000000000000000000000000000000000-0020406080a0ccdefg0jkl0nop0rstjlnprtnnnnnnpppppprrssNOPQ---------------------------------------------------------------------------------------------000000000000000000000000000000000000000000000000000000000000000000000000000000000000000000000000000000000000000000000000000000000000000000000000000000------------------------------------------------------------------------------------------------------------------------------------------------------
_SEEDS_111111111111111111111111111111111111111111111111111111111000000000000000000000000000000000000000000000000000000000000000000000000000000000000000000000000000000000000000000000000000000000000000000000000000000000000000000000000000000000000000000000000000000000000000000000000000000000000000000000000000000101010101000110000000000000011111100000000000000000000000000000000000000000000000000000000000000000000000000000000000000000000000000000000000000000000000000000000000000000000000000000000000000000000000000000000000000000000000000000000000000000000000000000000000000000000000000000000000000000000000000000000000000000000000000000000000000000000000000000000000000000000000000000000000000000000000000000000000000000000000000000000000000000000000000000111111111111111111111111111111111111111111111111111111111000000000000000000000000000000000000000000000000000000000000000000000000000000000000000000000-0020406080a0ccdefg0jkl0nop0rstjlnprtnnnnnnpppppprrssNOPQ---------------------------------------------------------------------------------------------000000000000000000000000000000000000000000000000000000000000000000000000000000000000000000000000000000000000000000000000000000000000000000000000000000------------------------------------------------------------------------------------------------------------------------------------------------------;1.0;0.13632936507936522;0.04148292653419228;0.9766003550096007;0.9927833247994539;0.03903000947381555;0.531037663482738;0.13632936507936522;0.13632936507936522;-1;111111111111111111111111111111111111111111111111111111111000000000000000000000000000000000000000000000000000000000000000000000000000000000000000000000000000000000000000000000000000000000000000000000000000000000000000000000000000000000000000000000000000000000000000000000000000000000000000000000000000000101010101000110000000000000011111100000000000000000000000000000000000000000000000000000000000000000000000000000000000000000000000000000000000000000000000000000000000000000000000000000000000000000000000000000000000000000000000000000000000000000000000000000000000000000000000000000000000000000000000000000000000000000000000000000000000000000000000000000000000000000000000000000000000000000000000000000000000000000000000000000000000000000000000000000111111111111111111111111111111111111111111111111111111111000000000000000000000000000000000000000000000000000000000000000000000000000000000000000000000-0020406080a0ccdefg0jkl0nop0rstjlnprtnnnnnnpppppprrssNOPQ---------------------------------------------------------------------------------------------000000000000000000000000000000000000000000000000000000000000000000000000000000000000000000000000000000000000000000000000000000000000000000000000000000------------------------------------------------------------------------------------------------------------------------------------------------------
_SEEDS_111111111111111111111111111111111111111111111111111111111000000000000000000000000000000000000000000000000000000000000000000000000000000000000000000000000000000000000000000000000000000000000000000000000000000000000000000000000000000000000000000000000000000000000000000000000000000000000000000000000000000101010101000110000000000000011111100000000000000000000000000000000000000000000000000000000000000000000000000000000000000000000000000000000000000000000000000000000000000000000000000000000000000000000000000000000000000000000000000000000000000000000000000000000000000000000000000000000000000000000000000000000000000000000000000000000000000000000000000000000000000000000000000000000000000000000000000000000000000000000000000000000000000000000000000000111111111111111111111111111111111111111111111111111111111000000000000000000000000000000000000000000000000000000000000000000000000000000000000000000000-0020406080a0ccdefg0jkl0nop0rstjlnprtnnnnnnpppppprrssNOPQ---------------------------------------------------------------------------------------------000000000000000000000000000000000000000000000000000000000000000000000000000000000000000000000000000000000000000000000000000000000000000000000000000000------------------------------------------------------------------------------------------------------------------------------------------------------;1.0;0.13974206349206342;0.04005421301623835;0.9781376487874593;0.9943535586277522;0.03978048817964028;0.5320113286838589;0.13974206349206342;0.13974206349206342;-1;111111111111111111111111111111111111111111111111111111111000000000000000000000000000000000000000000000000000000000000000000000000000000000000000000000000000000000000000000000000000000000000000000000000000000000000000000000000000000000000000000000000000000000000000000000000000000000000000000000000000000101010101000110000000000000011111100000000000000000000000000000000000000000000000000000000000000000000000000000000000000000000000000000000000000000000000000000000000000000000000000000000000000000000000000000000000000000000000000000000000000000000000000000000000000000000000000000000000000000000000000000000000000000000000000000000000000000000000000000000000000000000000000000000000000000000000000000000000000000000000000000000000000000000000000000111111111111111111111111111111111111111111111111111111111000000000000000000000000000000000000000000000000000000000000000000000000000000000000000000000-0020406080a0ccdefg0jkl0nop0rstjlnprtnnnnnnpppppprrssNOPQ---------------------------------------------------------------------------------------------000000000000000000000000000000000000000000000000000000000000000000000000000000000000000000000000000000000000000000000000000000000000000000000000000000------------------------------------------------------------------------------------------------------------------------------------------------------
_SEEDS_111111111111111111111111111111111111111111111111111111111000000000000000000000000000000000000000000000000000000000000000000000000000000000000000000000000000000000000000000000000000000000000000000000000000000000000000000000000000000000000000000000000000000000000000000000000000000000000000000000000000000101010101000110000000000000011111100000000000000000000000000000000000000000000000000000000000000000000000000000000000000000000000000000000000000000000000000000000000000000000000000000000000000000000000000000000000000000000000000000000000000000000000000000000000000000000000000000000000000000000000000000000000000000000000000000000000000000000000000000000000000000000000000000000000000000000000000000000000000000000000000000000000000000000000000000111111111111111111111111111111111111111111111111111111111000000000000000000000000000000000000000000000000000000000000000000000000000000000000000000000-0020406080a0ccdefg0jkl0nop0rstjlnprtnnnnnnpppppprrssNOPQ---------------------------------------------------------------------------------------------000000000000000000000000000000000000000000000000000000000000000000000000000000000000000000000000000000000000000000000000000000000000000000000000000000------------------------------------------------------------------------------------------------------------------------------------------------------;1.0;0.13476190476190486;0.0400676959873576;0.9766697012056664;0.9937461504782683;0.03721686827136097;0.530410386784093;0.13476190476190486;0.13476190476190486;-1;111111111111111111111111111111111111111111111111111111111000000000000000000000000000000000000000000000000000000000000000000000000000000000000000000000000000000000000000000000000000000000000000000000000000000000000000000000000000000000000000000000000000000000000000000000000000000000000000000000000000000101010101000110000000000000011111100000000000000000000000000000000000000000000000000000000000000000000000000000000000000000000000000000000000000000000000000000000000000000000000000000000000000000000000000000000000000000000000000000000000000000000000000000000000000000000000000000000000000000000000000000000000000000000000000000000000000000000000000000000000000000000000000000000000000000000000000000000000000000000000000000000000000000000000000000111111111111111111111111111111111111111111111111111111111000000000000000000000000000000000000000000000000000000000000000000000000000000000000000000000-0020406080a0ccdefg0jkl0nop0rstjlnprtnnnnnnpppppprrssNOPQ---------------------------------------------------------------------------------------------000000000000000000000000000000000000000000000000000000000000000000000000000000000000000000000000000000000000000000000000000000000000000000000000000000------------------------------------------------------------------------------------------------------------------------------------------------------
_SEEDS_111111111111111111111111111111111111111111111111111111111000000000000000000000000000000000000000000000000000000000000000000000000000000000000000000000000000000000000000000000000000000000000000000000000000000000000000000000000000000000000000000000000000000000000000000000000000000000000000000000000000000101010101000110000000000000011111100000000000000000000000000000000000000000000000000000000000000000000000000000000000000000000000000000000000000000000000000000000000000000000000000000000000000000000000000000000000000000000000000000000000000000000000000000000000000000000000000000000000000000000000000000000000000000000000000000000000000000000000000000000000000000000000000000000000000000000000000000000000000000000000000000000000000000000000000000111111111111111111111111111111111111111111111111111111111000000000000000000000000000000000000000000000000000000000000000000000000000000000000000000000-0020406080a0ccdefg0jkl0nop0rstjlnprtnnnnnnpppppprrssNOPQ---------------------------------------------------------------------------------------------000000000000000000000000000000000000000000000000000000000000000000000000000000000000000000000000000000000000000000000000000000000000000000000000000000------------------------------------------------------------------------------------------------------------------------------------------------------;1.0;0.14001984126984146;0.061671954094723036;0.979317291201579;0.9946492575524833;0.03908250267315062;0.5357901411319629;0.14001984126984146;0.14001984126984146;-1;111111111111111111111111111111111111111111111111111111111000000000000000000000000000000000000000000000000000000000000000000000000000000000000000000000000000000000000000000000000000000000000000000000000000000000000000000000000000000000000000000000000000000000000000000000000000000000000000000000000000000101010101000110000000000000011111100000000000000000000000000000000000000000000000000000000000000000000000000000000000000000000000000000000000000000000000000000000000000000000000000000000000000000000000000000000000000000000000000000000000000000000000000000000000000000000000000000000000000000000000000000000000000000000000000000000000000000000000000000000000000000000000000000000000000000000000000000000000000000000000000000000000000000000000000000111111111111111111111111111111111111111111111111111111111000000000000000000000000000000000000000000000000000000000000000000000000000000000000000000000-0020406080a0ccdefg0jkl0nop0rstjlnprtnnnnnnpppppprrssNOPQ---------------------------------------------------------------------------------------------000000000000000000000000000000000000000000000000000000000000000000000000000000000000000000000000000000000000000000000000000000000000000000000000000000------------------------------------------------------------------------------------------------------------------------------------------------------
_SEEDS_111111111111111111111111111111111111111111111111111111111000000000000000000000000000000000000000000000000000000000000000000000000000000000000000000000000000000000000000000000000000000000000000000000000000000000000000000000000000000000000000000000000000000000000000000000000000000000000000000000000000000101010101000110000000000000011111100000000000000000000000000000000000000000000000000000000000000000000000000000000000000000000000000000000000000000000000000000000000000000000000000000000000000000000000000000000000000000000000000000000000000000000000000000000000000000000000000000000000000000000000000000000000000000000000000000000000000000000000000000000000000000000000000000000000000000000000000000000000000000000000000000000000000000000000000000111111111111111111111111111111111111111111111111111111111000000000000000000000000000000000000000000000000000000000000000000000000000000000000000000000-0020406080a0ccdefg0jkl0nop0rstjlnprtnnnnnnpppppprrssNOPQ---------------------------------------------------------------------------------------------000000000000000000000000000000000000000000000000000000000000000000000000000000000000000000000000000000000000000000000000000000000000000000000000000000------------------------------------------------------------------------------------------------------------------------------------------------------;1.0;0.13196428571428576;0.049024461285167575;0.9783196311560173;0.994057859703021;0.04249419001437931;0.5326434046454785;0.13196428571428576;0.13196428571428576;-1;111111111111111111111111111111111111111111111111111111111000000000000000000000000000000000000000000000000000000000000000000000000000000000000000000000000000000000000000000000000000000000000000000000000000000000000000000000000000000000000000000000000000000000000000000000000000000000000000000000000000000101010101000110000000000000011111100000000000000000000000000000000000000000000000000000000000000000000000000000000000000000000000000000000000000000000000000000000000000000000000000000000000000000000000000000000000000000000000000000000000000000000000000000000000000000000000000000000000000000000000000000000000000000000000000000000000000000000000000000000000000000000000000000000000000000000000000000000000000000000000000000000000000000000000000000111111111111111111111111111111111111111111111111111111111000000000000000000000000000000000000000000000000000000000000000000000000000000000000000000000-0020406080a0ccdefg0jkl0nop0rstjlnprtnnnnnnpppppprrssNOPQ---------------------------------------------------------------------------------------------000000000000000000000000000000000000000000000000000000000000000000000000000000000000000000000000000000000000000000000000000000000000000000000000000000------------------------------------------------------------------------------------------------------------------------------------------------------
_SEEDS_111111111111111111111111111111111111111111111111111111111000000000000000000000000000000000000000000000000000000000000000000000000000000000000000000000000000000000000000000000000000000000000000000000000000000000000000000000000000000000000000000000000000000000000000000000000000000000000000000000000000000101010101000110000000000000011111100000000000000000000000000000000000000000000000000000000000000000000000000000000000000000000000000000000000000000000000000000000000000000000000000000000000000000000000000000000000000000000000000000000000000000000000000000000000000000000000000000000000000000000000000000000000000000000000000000000000000000000000000000000000000000000000000000000000000000000000000000000000000000000000000000000000000000000000000000111111111111111111111111111111111111111111111111111111111000000000000000000000000000000000000000000000000000000000000000000000000000000000000000000000-0020406080a0ccdefg0jkl0nop0rstjlnprtnnnnnnpppppprrssNOPQ---------------------------------------------------------------------------------------------000000000000000000000000000000000000000000000000000000000000000000000000000000000000000000000000000000000000000000000000000000000000000000000000000000------------------------------------------------------------------------------------------------------------------------------------------------------;1.0;0.13875000000000015;0.0;0.9798747949355877;0.9967912613073904;0.04160695843856041;0.5261705024469231;0.13875000000000015;0.13875000000000015;-1;111111111111111111111111111111111111111111111111111111111000000000000000000000000000000000000000000000000000000000000000000000000000000000000000000000000000000000000000000000000000000000000000000000000000000000000000000000000000000000000000000000000000000000000000000000000000000000000000000000000000000101010101000110000000000000011111100000000000000000000000000000000000000000000000000000000000000000000000000000000000000000000000000000000000000000000000000000000000000000000000000000000000000000000000000000000000000000000000000000000000000000000000000000000000000000000000000000000000000000000000000000000000000000000000000000000000000000000000000000000000000000000000000000000000000000000000000000000000000000000000000000000000000000000000000000111111111111111111111111111111111111111111111111111111111000000000000000000000000000000000000000000000000000000000000000000000000000000000000000000000-0020406080a0ccdefg0jkl0nop0rstjlnprtnnnnnnpppppprrssNOPQ---------------------------------------------------------------------------------------------000000000000000000000000000000000000000000000000000000000000000000000000000000000000000000000000000000000000000000000000000000000000000000000000000000------------------------------------------------------------------------------------------------------------------------------------------------------
_SEEDS_111111111111111111111111111111111111111111111111111111111000000000000000000000000000000000000000000000000000000000000000000000000000000000000000000000000000000000000000000000000000000000000000000000000000000000000000000000000000000000000000000000000000000000000000000000000000000000000000000000000000000101010101000110000000000000011111100000000000000000000000000000000000000000000000000000000000000000000000000000000000000000000000000000000000000000000000000000000000000000000000000000000000000000000000000000000000000000000000000000000000000000000000000000000000000000000000000000000000000000000000000000000000000000000000000000000000000000000000000000000000000000000000000000000000000000000000000000000000000000000000000000000000000000000000000000111111111111111111111111111111111111111111111111111111111000000000000000000000000000000000000000000000000000000000000000000000000000000000000000000000-0020406080a0ccdefg0jkl0nop0rstjlnprtnnnnnnpppppprrssNOPQ---------------------------------------------------------------------------------------------000000000000000000000000000000000000000000000000000000000000000000000000000000000000000000000000000000000000000000000000000000000000000000000000000000------------------------------------------------------------------------------------------------------------------------------------------------------;1.0;0.13537698412698407;0.02008733624454151;0.9798270326261339;0.9962536268987882;0.035972992915243904;0.527919662135282;0.13537698412698407;0.13537698412698407;-1;111111111111111111111111111111111111111111111111111111111000000000000000000000000000000000000000000000000000000000000000000000000000000000000000000000000000000000000000000000000000000000000000000000000000000000000000000000000000000000000000000000000000000000000000000000000000000000000000000000000000000101010101000110000000000000011111100000000000000000000000000000000000000000000000000000000000000000000000000000000000000000000000000000000000000000000000000000000000000000000000000000000000000000000000000000000000000000000000000000000000000000000000000000000000000000000000000000000000000000000000000000000000000000000000000000000000000000000000000000000000000000000000000000000000000000000000000000000000000000000000000000000000000000000000000000111111111111111111111111111111111111111111111111111111111000000000000000000000000000000000000000000000000000000000000000000000000000000000000000000000-0020406080a0ccdefg0jkl0nop0rstjlnprtnnnnnnpppppprrssNOPQ---------------------------------------------------------------------------------------------000000000000000000000000000000000000000000000000000000000000000000000000000000000000000000000000000000000000000000000000000000000000000000000000000000------------------------------------------------------------------------------------------------------------------------------------------------------
_SEEDS_111111111111111111111111111111111111111111111111111111111000000000000000000000000000000000000000000000000000000000000000000000000000000000000000000000000000000000000000000000000000000000000000000000000000000000000000000000000000000000000000000000000000000000000000000000000000000000000000000000000000000101010101000110000000000000011111100000000000000000000000000000000000000000000000000000000000000000000000000000000000000000000000000000000000000000000000000000000000000000000000000000000000000000000000000000000000000000000000000000000000000000000000000000000000000000000000000000000000000000000000000000000000000000000000000000000000000000000000000000000000000000000000000000000000000000000000000000000000000000000000000000000000000000000000000000111111111111111111111111111111111111111111111111111111111000000000000000000000000000000000000000000000000000000000000000000000000000000000000000000000-0020406080a0ccdefg0jkl0nop0rstjlnprtnnnnnnpppppprrssNOPQ---------------------------------------------------------------------------------------------000000000000000000000000000000000000000000000000000000000000000000000000000000000000000000000000000000000000000000000000000000000000000000000000000000------------------------------------------------------------------------------------------------------------------------------------------------------;1.0;0.14128968253968255;0.0410282303743551;0.9793710397040005;0.9952124935995904;0.042286946446076674;0.5331980654439509;0.14128968253968255;0.14128968253968255;-1;111111111111111111111111111111111111111111111111111111111000000000000000000000000000000000000000000000000000000000000000000000000000000000000000000000000000000000000000000000000000000000000000000000000000000000000000000000000000000000000000000000000000000000000000000000000000000000000000000000000000000101010101000110000000000000011111100000000000000000000000000000000000000000000000000000000000000000000000000000000000000000000000000000000000000000000000000000000000000000000000000000000000000000000000000000000000000000000000000000000000000000000000000000000000000000000000000000000000000000000000000000000000000000000000000000000000000000000000000000000000000000000000000000000000000000000000000000000000000000000000000000000000000000000000000000111111111111111111111111111111111111111111111111111111111000000000000000000000000000000000000000000000000000000000000000000000000000000000000000000000-0020406080a0ccdefg0jkl0nop0rstjlnprtnnnnnnpppppprrssNOPQ---------------------------------------------------------------------------------------------000000000000000000000000000000000000000000000000000000000000000000000000000000000000000000000000000000000000000000000000000000000000000000000000000000------------------------------------------------------------------------------------------------------------------------------------------------------
_SEEDS_111111111111111111111111111111111111111111111111111111111000000000000000000000000000000000000000000000000000000000000000000000000000000000000000000000000000000000000000000000000000000000000000000000000000000000000000000000000000000000000000000000000000000000000000000000000000000000000000000000000000000101010101000110000000000000011111100000000000000000000000000000000000000000000000000000000000000000000000000000000000000000000000000000000000000000000000000000000000000000000000000000000000000000000000000000000000000000000000000000000000000000000000000000000000000000000000000000000000000000000000000000000000000000000000000000000000000000000000000000000000000000000000000000000000000000000000000000000000000000000000000000000000000000000000000000111111111111111111111111111111111111111111111111111111111000000000000000000000000000000000000000000000000000000000000000000000000000000000000000000000-0020406080a0ccdefg0jkl0nop0rstjlnprtnnnnnnpppppprrssNOPQ---------------------------------------------------------------------------------------------000000000000000000000000000000000000000000000000000000000000000000000000000000000000000000000000000000000000000000000000000000000000000000000000000000------------------------------------------------------------------------------------------------------------------------------------------------------;1.0;0.13886904761904773;0.035673585673585695;0.9787319104521989;0.9946743258235193;0.029408796127942453;0.5295596109493824;0.13886904761904773;0.13886904761904773;-1;111111111111111111111111111111111111111111111111111111111000000000000000000000000000000000000000000000000000000000000000000000000000000000000000000000000000000000000000000000000000000000000000000000000000000000000000000000000000000000000000000000000000000000000000000000000000000000000000000000000000000101010101000110000000000000011111100000000000000000000000000000000000000000000000000000000000000000000000000000000000000000000000000000000000000000000000000000000000000000000000000000000000000000000000000000000000000000000000000000000000000000000000000000000000000000000000000000000000000000000000000000000000000000000000000000000000000000000000000000000000000000000000000000000000000000000000000000000000000000000000000000000000000000000000000000111111111111111111111111111111111111111111111111111111111000000000000000000000000000000000000000000000000000000000000000000000000000000000000000000000-0020406080a0ccdefg0jkl0nop0rstjlnprtnnnnnnpppppprrssNOPQ---------------------------------------------------------------------------------------------000000000000000000000000000000000000000000000000000000000000000000000000000000000000000000000000000000000000000000000000000000000000000000000000000000------------------------------------------------------------------------------------------------------------------------------------------------------
_SEEDS_111111111111111111111111111111111111111111111111111111111000000000000000000000000000000000000000000000000000000000000000000000000000000000000000000000000000000000000000000000000000000000000000000000000000000000000000000000000000000000000000000000000000000000000000000000000000000000000000000000000000000101010101000110000000000000011111100000000000000000000000000000000000000000000000000000000000000000000000000000000000000000000000000000000000000000000000000000000000000000000000000000000000000000000000000000000000000000000000000000000000000000000000000000000000000000000000000000000000000000000000000000000000000000000000000000000000000000000000000000000000000000000000000000000000000000000000000000000000000000000000000000000000000000000000000000111111111111111111111111111111111111111111111111111111111000000000000000000000000000000000000000000000000000000000000000000000000000000000000000000000-0020406080a0ccdefg0jkl0nop0rstjlnprtnnnnnnpppppprrssNOPQ---------------------------------------------------------------------------------------------000000000000000000000000000000000000000000000000000000000000000000000000000000000000000000000000000000000000000000000000000000000000000000000000000000------------------------------------------------------------------------------------------------------------------------------------------------------;1.0;0.13222222222222224;0.06038289305043143;0.9761983351354071;0.9927308086179054;0.05668766173937862;0.5363703201275575;0.13222222222222224;0.13222222222222224;-1;111111111111111111111111111111111111111111111111111111111000000000000000000000000000000000000000000000000000000000000000000000000000000000000000000000000000000000000000000000000000000000000000000000000000000000000000000000000000000000000000000000000000000000000000000000000000000000000000000000000000000101010101000110000000000000011111100000000000000000000000000000000000000000000000000000000000000000000000000000000000000000000000000000000000000000000000000000000000000000000000000000000000000000000000000000000000000000000000000000000000000000000000000000000000000000000000000000000000000000000000000000000000000000000000000000000000000000000000000000000000000000000000000000000000000000000000000000000000000000000000000000000000000000000000000000111111111111111111111111111111111111111111111111111111111000000000000000000000000000000000000000000000000000000000000000000000000000000000000000000000-0020406080a0ccdefg0jkl0nop0rstjlnprtnnnnnnpppppprrssNOPQ---------------------------------------------------------------------------------------------000000000000000000000000000000000000000000000000000000000000000000000000000000000000000000000000000000000000000000000000000000000000000000000000000000------------------------------------------------------------------------------------------------------------------------------------------------------
_SEEDS_111111111111111111111111111111111111111111111111111111111000000000000000000000000000000000000000000000000000000000000000000000000000000000000000000000000000000000000000000000000000000000000000000000000000000000000000000000000000000000000000000000000000000000000000000000000000000000000000000000000000000101010101000110000000000000011111100000000000000000000000000000000000000000000000000000000000000000000000000000000000000000000000000000000000000000000000000000000000000000000000000000000000000000000000000000000000000000000000000000000000000000000000000000000000000000000000000000000000000000000000000000000000000000000000000000000000000000000000000000000000000000000000000000000000000000000000000000000000000000000000000000000000000000000000000000111111111111111111111111111111111111111111111111111111111000000000000000000000000000000000000000000000000000000000000000000000000000000000000000000000-0020406080a0ccdefg0jkl0nop0rstjlnprtnnnnnnpppppprrssNOPQ---------------------------------------------------------------------------------------------000000000000000000000000000000000000000000000000000000000000000000000000000000000000000000000000000000000000000000000000000000000000000000000000000000------------------------------------------------------------------------------------------------------------------------------------------------------;1.0;0.13716269841269868;0.03967092092092095;0.9799472820781422;0.9957330602491893;0.04008545545710887;0.53209990285301;0.13716269841269868;0.13716269841269868;-1;111111111111111111111111111111111111111111111111111111111000000000000000000000000000000000000000000000000000000000000000000000000000000000000000000000000000000000000000000000000000000000000000000000000000000000000000000000000000000000000000000000000000000000000000000000000000000000000000000000000000000101010101000110000000000000011111100000000000000000000000000000000000000000000000000000000000000000000000000000000000000000000000000000000000000000000000000000000000000000000000000000000000000000000000000000000000000000000000000000000000000000000000000000000000000000000000000000000000000000000000000000000000000000000000000000000000000000000000000000000000000000000000000000000000000000000000000000000000000000000000000000000000000000000000000000111111111111111111111111111111111111111111111111111111111000000000000000000000000000000000000000000000000000000000000000000000000000000000000000000000-0020406080a0ccdefg0jkl0nop0rstjlnprtnnnnnnpppppprrssNOPQ---------------------------------------------------------------------------------------------000000000000000000000000000000000000000000000000000000000000000000000000000000000000000000000000000000000000000000000000000000000000000000000000000000------------------------------------------------------------------------------------------------------------------------------------------------------
_SEEDS_111111111111111111111111111111111111111111111111111111111000000000000000000000000000000000000000000000000000000000000000000000000000000000000000000000000000000000000000000000000000000000000000000000000000000000000000000000000000000000000000000000000000000000000000000000000000000000000000000000000000000101010101000110000000000000011111100000000000000000000000000000000000000000000000000000000000000000000000000000000000000000000000000000000000000000000000000000000000000000000000000000000000000000000000000000000000000000000000000000000000000000000000000000000000000000000000000000000000000000000000000000000000000000000000000000000000000000000000000000000000000000000000000000000000000000000000000000000000000000000000000000000000000000000000000000111111111111111111111111111111111111111111111111111111111000000000000000000000000000000000000000000000000000000000000000000000000000000000000000000000-0020406080a0ccdefg0jkl0nop0rstjlnprtnnnnnnpppppprrssNOPQ---------------------------------------------------------------------------------------------000000000000000000000000000000000000000000000000000000000000000000000000000000000000000000000000000000000000000000000000000000000000000000000000000000------------------------------------------------------------------------------------------------------------------------------------------------------;1.0;0.1364682539682538;0.057983333333333276;0.9782982736762491;0.9935995903737839;0.03349528497822379;0.533307456054974;0.1364682539682538;0.1364682539682538;-1;111111111111111111111111111111111111111111111111111111111000000000000000000000000000000000000000000000000000000000000000000000000000000000000000000000000000000000000000000000000000000000000000000000000000000000000000000000000000000000000000000000000000000000000000000000000000000000000000000000000000000101010101000110000000000000011111100000000000000000000000000000000000000000000000000000000000000000000000000000000000000000000000000000000000000000000000000000000000000000000000000000000000000000000000000000000000000000000000000000000000000000000000000000000000000000000000000000000000000000000000000000000000000000000000000000000000000000000000000000000000000000000000000000000000000000000000000000000000000000000000000000000000000000000000000000111111111111111111111111111111111111111111111111111111111000000000000000000000000000000000000000000000000000000000000000000000000000000000000000000000-0020406080a0ccdefg0jkl0nop0rstjlnprtnnnnnnpppppprrssNOPQ---------------------------------------------------------------------------------------------000000000000000000000000000000000000000000000000000000000000000000000000000000000000000000000000000000000000000000000000000000000000000000000000000000------------------------------------------------------------------------------------------------------------------------------------------------------
_SEEDS_111111111111111111111111111111111111111111111111111111111000000000000000000000000000000000000000000000000000000000000000000000000000000000000000000000000000000000000000000000000000000000000000000000000000000000000000000000000000000000000000000000000000000000000000000000000000000000000000000000000000000101010101000110000000000000011111100000000000000000000000000000000000000000000000000000000000000000000000000000000000000000000000000000000000000000000000000000000000000000000000000000000000000000000000000000000000000000000000000000000000000000000000000000000000000000000000000000000000000000000000000000000000000000000000000000000000000000000000000000000000000000000000000000000000000000000000000000000000000000000000000000000000000000000000000000111111111111111111111111111111111111111111111111111111111000000000000000000000000000000000000000000000000000000000000000000000000000000000000000000000-0020406080a0ccdefg0jkl0nop0rstjlnprtnnnnnnpppppprrssNOPQ---------------------------------------------------------------------------------------------000000000000000000000000000000000000000000000000000000000000000000000000000000000000000000000000000000000000000000000000000000000000000000000000000000------------------------------------------------------------------------------------------------------------------------------------------------------;1.0;0.11001984126984121;0.1508049481943854;0.9676929752963377;0.9832653863446327;0.06771275336415986;0.5465826507448928;0.11001984126984121;0.11001984126984121;-1;111111111111111111111111111111111111111111111111111111111000000000000000000000000000000000000000000000000000000000000000000000000000000000000000000000000000000000000000000000000000000000000000000000000000000000000000000000000000000000000000000000000000000000000000000000000000000000000000000000000000011101010011010011000010111010010001000101000101010100000000000000000000000000000000000000000000000000000000000000000000000000000000000000000000000000000000001000000010000000000000001110001100100010000000100000000000000000000000000000000000000000000000000000000000000000000000000000000000000000000000000000000000000000000000000000000000000000000000000000000000000000000000000000000000000000000000000000000000000000000000000000000000000000000000000000111111111111111111111111111111111111111111111111111111111000000000000000000000000000000000000000000000000000000000000000000000000000000000000000000000-0020406080a0ccdefg0jkl0nop0rstjlnprtnnnnnnpppppprrssNOPQ---------------------------------------------------------------------------------------------000000000000000000000000000000000000000000000000000000000000000000000000000000000000000000000000000000000000000000000000000000000000000000000000000000------------------------------------------------------------------------------------------------------------------------------------------------------
_SEEDS_111111111111111111111111111111111111111111111111111111111000000000000000000000000000000000000000000000000000000000000000000000000000000000000000000000000000000000000000000000000000000000000000000000000000000000000000000000000000000000000000000000000000000000000000000000000000000000000000000000000000000101010101000110000000000000011111100000000000000000000000000000000000000000000000000000000000000000000000000000000000000000000000000000000000000000000000000000000000000000000000000000000000000000000000000000000000000000000000000000000000000000000000000000000000000000000000000000000000000000000000000000000000000000000000000000000000000000000000000000000000000000000000000000000000000000000000000000000000000000000000000000000000000000000000000000111111111111111111111111111111111111111111111111111111111000000000000000000000000000000000000000000000000000000000000000000000000000000000000000000000-0020406080a0ccdefg0jkl0nop0rstjlnprtnnnnnnpppppprrssNOPQ---------------------------------------------------------------------------------------------000000000000000000000000000000000000000000000000000000000000000000000000000000000000000000000000000000000000000000000000000000000000000000000000000000------------------------------------------------------------------------------------------------------------------------------------------------------;1.0;0.08946428571428555;0.08928825585976596;0.9656796160679811;0.9875513932489526;0.08008658672521499;0.5353450229360334;0.08946428571428555;0.08946428571428555;-1;111111111111111111111111111111111111111111111111111111111000000000000000000000000000000000000000000000000000000000000000000000000000000000000000000000000000000000000000000000000000000000000000000000000000000000000000000000000000000000000000000000000000000000000000000000000000000000000000000000000000101000010100010001001110011000010110000100011001100101001000000000000000000000000000000000000000000000000000000000000000000000000000000000000000000000000100001010010011011000010010101101010001000010000010100000000000000000000000000000000000000000000000000000000000000000000000000000000000000000000000000000000000000000000000000000000000000000000000000000000000000000000000000000000000000000000000000000000000000000000000000000000000000000000000000000111111111111111111111111111111111111111111111111111111111000000000000000000000000000000000000000000000000000000000000000000000000000000000000000000000-0020406080a0ccdefg0jkl0nop0rstjlnprtnnnnnnpppppprrssNOPQ---------------------------------------------------------------------------------------------000000000000000000000000000000000000000000000000000000000000000000000000000000000000000000000000000000000000000000000000000000000000000000000000000000------------------------------------------------------------------------------------------------------------------------------------------------------
_SEEDS_111111111111111111111111111111111111111111111111111111111000000000000000000000000000000000000000000000000000000000000000000000000000000000000000000000000000000000000000000000000000000000000000000000000000000000000000000000000000000000000000000000000000000000000000000000000000000000000000000000000000000101010101000110000000000000011111100000000000000000000000000000000000000000000000000000000000000000000000000000000000000000000000000000000000000000000000000000000000000000000000000000000000000000000000000000000000000000000000000000000000000000000000000000000000000000000000000000000000000000000000000000000000000000000000000000000000000000000000000000000000000000000000000000000000000000000000000000000000000000000000000000000000000000000000000000111111111111111111111111111111111111111111111111111111111000000000000000000000000000000000000000000000000000000000000000000000000000000000000000000000-0020406080a0ccdefg0jkl0nop0rstjlnprtnnnnnnpppppprrssNOPQ---------------------------------------------------------------------------------------------000000000000000000000000000000000000000000000000000000000000000000000000000000000000000000000000000000000000000000000000000000000000000000000000000000------------------------------------------------------------------------------------------------------------------------------------------------------;1.0;0.1038095238095238;0.09824643910852038;0.9669411759488306;0.9834015859680014;0.0893965417968016;0.5402992111052796;0.1038095238095238;0.1038095238095238;-1;111111111111111111111111111111111111111111111111111011110000000000000000000000000000000000000000000000000000000000000000000000000000000000000000000000000000000000000000000000000000000000000000000000000000000000000000000000000000000000000000000000000000000000000000000000000000000000000000000000000000001010000100001000010100101111110001111001101110011100111000000000000000000000000000000000000000000000000000000000000000000000000000000000000000000000000001000001010010001100000000010011000000010001101000000000000000000000000000000000000000000000000000000000000000000000000000000000000000000000000000000000000000000000000000000000000000000000000000000000000000000000000000000000000000000000000000000000000000000000000000000000000000000000000000000000111111111111111111111111111111111111111111111111111111111000000000000000000000000000000000000000000000000000000000000000000000000000000000000000000000-0020406080a0ccdefg0jkl0nop0rstjlnprtnnnnnnpppppprrssNOPQ---------------------------------------------------------------------------------------------000000000000000000000000000000000000000000000000000000000000000000000000000000000000000000000000000000000000000000000000000000000000000000000000000000------------------------------------------------------------------------------------------------------------------------------------------------------
_SEEDS_111111111111111111111111111111111111111111111111111111111000000000000000000000000000000000000000000000000000000000000000000000000000000000000000000000000000000000000000000000000000000000000000000000000000000000000000000000000000000000000000000000000000000000000000000000000000000000000000000000000000000101010101000110000000000000011111100000000000000000000000000000000000000000000000000000000000000000000000000000000000000000000000000000000000000000000000000000000000000000000000000000000000000000000000000000000000000000000000000000000000000000000000000000000000000000000000000000000000000000000000000000000000000000000000000000000000000000000000000000000000000000000000000000000000000000000000000000000000000000000000000000000000000000000000000000111111111111111111111111111111111111111111111111111111111000000000000000000000000000000000000000000000000000000000000000000000000000000000000000000000-0020406080a0ccdefg0jkl0nop0rstjlnprtnnnnnnpppppprrssNOPQ---------------------------------------------------------------------------------------------000000000000000000000000000000000000000000000000000000000000000000000000000000000000000000000000000000000000000000000000000000000000000000000000000000------------------------------------------------------------------------------------------------------------------------------------------------------;1.0;0.10063492063492063;0.0;0.9690440987759603;0.9868908998092302;0.10143536573276703;0.526334214158813;0.10063492063492063;0.10063492063492063;-1;111111111111111111111111111110111111111111111111111111111000000000000000000000000000000000000000000000000000000000000000000000000000000000000000000000000000000000000000000000000000000000000000000000000000000000000000000000000000000000000000000000000000000000000000000000000000000000000000000000000000000111010001101010111001001010011001110000010000111011100000000000000000000000000000000000000000000000000000000000000000000000000000000000000000000000001000100000010001100001100101000110000000001101000010000000000000000000000000000000000000000000000000000000000000000000000000000000000000000000000000000000000000000000000000000000000000000000000000000000000000000000000000000000000000000000000000000000000000000000000000000000000000000000000000000000111111111111111111111111111111111111111111111111111111111000000000000000000000000000000000000000000000000000000000000000000000000000000000000000000000-0020406080a0ccdefg0jkl0nop0rstjlnprtnnnnnnpppppprrssNOPQ---------------------------------------------------------------------------------------------000000000000000000000000000000000000000000000000000000000000000000000000000000000000000000000000000000000000000000000000000000000000000000000000000000------------------------------------------------------------------------------------------------------------------------------------------------------
_SEEDS_111111111111111111111111111111111111111111111111111111111000000000000000000000000000000000000000000000000000000000000000000000000000000000000000000000000000000000000000000000000000000000000000000000000000000000000000000000000000000000000000000000000000000000000000000000000000000000000000000000000000000101010101000110000000000000011111100000000000000000000000000000000000000000000000000000000000000000000000000000000000000000000000000000000000000000000000000000000000000000000000000000000000000000000000000000000000000000000000000000000000000000000000000000000000000000000000000000000000000000000000000000000000000000000000000000000000000000000000000000000000000000000000000000000000000000000000000000000000000000000000000000000000000000000000000000111111111111111111111111111111111111111111111111111111111000000000000000000000000000000000000000000000000000000000000000000000000000000000000000000000-0020406080a0ccdefg0jkl0nop0rstjlnprtnnnnnnpppppprrssNOPQ---------------------------------------------------------------------------------------------000000000000000000000000000000000000000000000000000000000000000000000000000000000000000000000000000000000000000000000000000000000000000000000000000000------------------------------------------------------------------------------------------------------------------------------------------------------;1.0;0.09672619047619047;0.08666017784899649;0.9589222186446179;0.9769103126924111;0.07881538395924485;0.5330057139369101;0.09672619047619047;0.09672619047619047;-1;111111111111111111111111111111111111111111111111111111111000000000000000000000000000000000000000000000000000000000000000000000000000000000000000000000000000000000000000000000000000000000000000000000000000000000000000000000000000000000000000000000000000000000000000000000000000000000000000000000000000011010111110000010101111101000110100010010111010000001010000000000000000000000000000000000000000000000000000000000000000000000000000000000000000000000000001000000000001010010010001001001001100001000000110101000000000000000000000000000000000000000000000000000000000000000000000000000000000000000000000000000000000000000000000000000000000000000000000000000000000000000000000000000000000000000000000000000000000000000000000000000000000000000000000000000111111111111111111111111111111111111111111111111111111111000000000000000000000000000000000000000000000000000000000000000000000000000000000000000000000-0020406080a0ccdefg0jkl0nop0rstjlnprtnnnnnnpppppprrssNOPQ---------------------------------------------------------------------------------------------000000000000000000000000000000000000000000000000000000000000000000000000000000000000000000000000000000000000000000000000000000000000000000000000000000------------------------------------------------------------------------------------------------------------------------------------------------------
_SEEDS_111111111111111111111111111111111111111111111111111111111000000000000000000000000000000000000000000000000000000000000000000000000000000000000000000000000000000000000000000000000000000000000000000000000000000000000000000000000000000000000000000000000000000000000000000000000000000000000000000000000000000101010101000110000000000000011111100000000000000000000000000000000000000000000000000000000000000000000000000000000000000000000000000000000000000000000000000000000000000000000000000000000000000000000000000000000000000000000000000000000000000000000000000000000000000000000000000000000000000000000000000000000000000000000000000000000000000000000000000000000000000000000000000000000000000000000000000000000000000000000000000000000000000000000000000000111111111111111111111111111111111111111111111111111111111000000000000000000000000000000000000000000000000000000000000000000000000000000000000000000000-0020406080a0ccdefg0jkl0nop0rstjlnprtnnnnnnpppppprrssNOPQ---------------------------------------------------------------------------------------------000000000000000000000000000000000000000000000000000000000000000000000000000000000000000000000000000000000000000000000000000000000000000000000000000000------------------------------------------------------------------------------------------------------------------------------------------------------;1.0;0.09214285714285697;0.03129943502824861;0.9435280536284952;0.9783797094460577;0.08812804790815483;0.5222463505256356;0.09214285714285697;0.09214285714285697;-1;111101111111111111110111111111110111111111111111111111111000000000000000000000000000000000000000000000000000000000000000000000000000000000000000000000000000000000000000000000000000000000000000000000000000000000000000000000000000000000000000000000000000000000000000000000000000000000000000000000000000010110000000000100001101011110010011000110000110101100001000000000000000000000000000000000000000000000000000000000000000000000000000000000000000000000100010110100001011010000000010001000011100101001000011000000000000000000000000000000000000000000000000000000000000000000000000000000000000000000000000000000000000000000000000000000000000000000000000000000000000000000000000000000000000000000000000000000000000000000000000000000000000000000000000000000111111111111111111111111111111111111111111111111111111111000000000000000000000000000000000000000000000000000000000000000000000000000000000000000000000-0020406080a0ccdefg0jkl0nop0rstjlnprtnnnnnnpppppprrssNOPQ---------------------------------------------------------------------------------------------000000000000000000000000000000000000000000000000000000000000000000000000000000000000000000000000000000000000000000000000000000000000000000000000000000------------------------------------------------------------------------------------------------------------------------------------------------------
_SEEDS_111111111111111111111111111111111111111111111111111111111000000000000000000000000000000000000000000000000000000000000000000000000000000000000000000000000000000000000000000000000000000000000000000000000000000000000000000000000000000000000000000000000000000000000000000000000000000000000000000000000000000101010101000110000000000000011111100000000000000000000000000000000000000000000000000000000000000000000000000000000000000000000000000000000000000000000000000000000000000000000000000000000000000000000000000000000000000000000000000000000000000000000000000000000000000000000000000000000000000000000000000000000000000000000000000000000000000000000000000000000000000000000000000000000000000000000000000000000000000000000000000000000000000000000000000000111111111111111111111111111111111111111111111111111111111000000000000000000000000000000000000000000000000000000000000000000000000000000000000000000000-0020406080a0ccdefg0jkl0nop0rstjlnprtnnnnnnpppppprrssNOPQ---------------------------------------------------------------------------------------------000000000000000000000000000000000000000000000000000000000000000000000000000000000000000000000000000000000000000000000000000000000000000000000000000000------------------------------------------------------------------------------------------------------------------------------------------------------;1.0;0.10275793650793641;0.12778415559435818;0.9552332910564589;0.9751101876344759;0.08288688876287957;0.5406287432593515;0.10275793650793641;0.10275793650793641;-1;111111111111111111111111111111110111111111111111111110111000000000000000000000000000000000000000000000000000000000000000000000000000000000000000000000000000000000000000000000000000000000000000000000000000000000000000000000000000000000000000000000000000000000000000000000000000000000000000000000000000110100110110001010000010001010001100001101101100100001011000000000000000000000000000000000000000000000000000000000000000000000000000000000000000000000000110000001110010000000100000000001000000000000000111100000000000000000000000000000000000000000000000000000000000000000000000000000000000000000000000000000000000000000000000000000000000000000000000000000000000000000000000000000000000000000000000000000000000000000000000000000000000000000000000000000111111111111111111111111111111111111111111111111111111111000000000000000000000000000000000000000000000000000000000000000000000000000000000000000000000-0020406080a0ccdefg0jkl0nop0rstjlnprtnnnnnnpppppprrssNOPQ---------------------------------------------------------------------------------------------000000000000000000000000000000000000000000000000000000000000000000000000000000000000000000000000000000000000000000000000000000000000000000000000000000------------------------------------------------------------------------------------------------------------------------------------------------------
_SEEDS_111111111111111111111111111111111111111111111111111111111000000000000000000000000000000000000000000000000000000000000000000000000000000000000000000000000000000000000000000000000000000000000000000000000000000000000000000000000000000000000000000000000000000000000000000000000000000000000000000000000000000101010101000110000000000000011111100000000000000000000000000000000000000000000000000000000000000000000000000000000000000000000000000000000000000000000000000000000000000000000000000000000000000000000000000000000000000000000000000000000000000000000000000000000000000000000000000000000000000000000000000000000000000000000000000000000000000000000000000000000000000000000000000000000000000000000000000000000000000000000000000000000000000000000000000000111111111111111111111111111111111111111111111111111111111000000000000000000000000000000000000000000000000000000000000000000000000000000000000000000000-0020406080a0ccdefg0jkl0nop0rstjlnprtnnnnnnpppppprrssNOPQ---------------------------------------------------------------------------------------------000000000000000000000000000000000000000000000000000000000000000000000000000000000000000000000000000000000000000000000000000000000000000000000000000000------------------------------------------------------------------------------------------------------------------------------------------------------;1.0;0.08684523809523814;0.05667927989909416;0.9585564361721347;0.9948996056157711;0.13416951994096163;0.5385250132871999;0.08684523809523814;0.08684523809523814;-1;111111111111001111111111111111111011111111111111111111111100000000000000000000000000000000000000000000000000000000000000000000000000000000000000000000000000000000000000000000000000000000000000000000000000000000000000000000000000000000000000000000000000000000000000000000000000000000000000000000000000100011011011110110000111010010100000001000111010000111010000000000000000000000000000000000000000000000000000000000000000000000000000000000000000000000000100000100111000100010000001010100000000000001001000101000000000000000000000000000000000000000000000000000000000000000000000000000000000000000000000000000000000000000000000000000000000000000000000000000000000000000000000000000000000000000000000000000000000000000000000000000000000000000000000000000111111111111111111111111111111111111111111111111111111111000000000000000000000000000000000000000000000000000000000000000000000000000000000000000000000-0020406080a0ccdefg0jkl0nop0rstjlnprtnnnnnnpppppprrssNOPQ---------------------------------------------------------------------------------------------000000000000000000000000000000000000000000000000000000000000000000000000000000000000000000000000000000000000000000000000000000000000000000000000000000------------------------------------------------------------------------------------------------------------------------------------------------------
_SEEDS_111111111111111111111111111111111111111111111111111111111000000000000000000000000000000000000000000000000000000000000000000000000000000000000000000000000000000000000000000000000000000000000000000000000000000000000000000000000000000000000000000000000000000000000000000000000000000000000000000000000000000101010101000110000000000000011111100000000000000000000000000000000000000000000000000000000000000000000000000000000000000000000000000000000000000000000000000000000000000000000000000000000000000000000000000000000000000000000000000000000000000000000000000000000000000000000000000000000000000000000000000000000000000000000000000000000000000000000000000000000000000000000000000000000000000000000000000000000000000000000000000000000000000000000000000000111111111111111111111111111111111111111111111111111111111000000000000000000000000000000000000000000000000000000000000000000000000000000000000000000000-0020406080a0ccdefg0jkl0nop0rstjlnprtnnnnnnpppppprrssNOPQ---------------------------------------------------------------------------------------------000000000000000000000000000000000000000000000000000000000000000000000000000000000000000000000000000000000000000000000000000000000000000000000000000000------------------------------------------------------------------------------------------------------------------------------------------------------;1.0;0.09204365079365096;0.06712239252171037;0.9605805528533418;0.9785655165506713;0.07330922416111656;0.5286035561467485;0.09204365079365096;0.09204365079365096;-1;111111111111111111111111111111111111111111111111111111111000000000000000000000000000000000000000000000000000000000000000000000000000000000000000000000000000000000000000000000000000000000000000000000000000000000000000000000000000000000000000000000000000000000000000000000000000000000000000000000000000100011001001110111111000000011111011000010010111000110000000000000000000000000000000000000000000000000000000000000000000000000000000000000000000000000000110000010000000000110010111100000001010101100111010100000000000000000000000000000000000000000000000000000000000000000000000000000000000000000000000000000000000000000000000000000000000000000000000000000000000000000000000000000000000000000000000000000000000000000000000000000000000000000000000000000111111111111111111111111111111111111111111111111111111111000000000000000000000000000000000000000000000000000000000000000000000000000000000000000000000-0020406080a0ccdefg0jkl0nop0rstjlnprtnnnnnnpppppprrssNOPQ---------------------------------------------------------------------------------------------000000000000000000000000000000000000000000000000000000000000000000000000000000000000000000000000000000000000000000000000000000000000000000000000000000------------------------------------------------------------------------------------------------------------------------------------------------------
_SEEDS_111111111111111111111111111111111111111111111111111111111000000000000000000000000000000000000000000000000000000000000000000000000000000000000000000000000000000000000000000000000000000000000000000000000000000000000000000000000000000000000000000000000000000000000000000000000000000000000000000000000000000101010101000110000000000000011111100000000000000000000000000000000000000000000000000000000000000000000000000000000000000000000000000000000000000000000000000000000000000000000000000000000000000000000000000000000000000000000000000000000000000000000000000000000000000000000000000000000000000000000000000000000000000000000000000000000000000000000000000000000000000000000000000000000000000000000000000000000000000000000000000000000000000000000000000000111111111111111111111111111111111111111111111111111111111000000000000000000000000000000000000000000000000000000000000000000000000000000000000000000000-0020406080a0ccdefg0jkl0nop0rstjlnprtnnnnnnpppppprrssNOPQ---------------------------------------------------------------------------------------------000000000000000000000000000000000000000000000000000000000000000000000000000000000000000000000000000000000000000000000000000000000000000000000000000000------------------------------------------------------------------------------------------------------------------------------------------------------;1.0;0.10152777777777777;0.15257949439084229;0.9554882903516826;0.9773142188324574;0.07408078099866834;0.5434984270585713;0.10152777777777777;0.10152777777777777;-1;111111101111111111111111111111111111111111111111111111111000000000000000000000000000000000000000000000000000000000000000000000000000000000000000000000000000000000000000000000000000000000000000000000000000000000000000000000000000000000000000000000000000000000000000000000000000000000000000000000000000110110000000110000101101001000100011100110101010010110010000000000000000000000000000000000000000000000000000000000000000000000000000000000000000000000000000110010000010000010000010001000100000000001001000010000000000000000000000000000000000000000000000000000000000000000000000000000000000000000000000000000000000000000000000000000000000000000000000000000000000000000000000000000000000000000000000000000000000000000000000000000000000000000000000000000111111111111111111111111111111111111111111111111111111111000000000000000000000000000000000000000000000000000000000000000000000000000000000000000000000-0020406080a0ccdefg0jkl0nop0rstjlnprtnnnnnnpppppprrssNOPQ---------------------------------------------------------------------------------------------000000000000000000000000000000000000000000000000000000000000000000000000000000000000000000000000000000000000000000000000000000000000000000000000000000------------------------------------------------------------------------------------------------------------------------------------------------------
_SEEDS_111111111111111111111111111111111111111111111111111111111000000000000000000000000000000000000000000000000000000000000000000000000000000000000000000000000000000000000000000000000000000000000000000000000000000000000000000000000000000000000000000000000000000000000000000000000000000000000000000000000000000101010101000110000000000000011111100000000000000000000000000000000000000000000000000000000000000000000000000000000000000000000000000000000000000000000000000000000000000000000000000000000000000000000000000000000000000000000000000000000000000000000000000000000000000000000000000000000000000000000000000000000000000000000000000000000000000000000000000000000000000000000000000000000000000000000000000000000000000000000000000000000000000000000000000000111111111111111111111111111111111111111111111111111111111000000000000000000000000000000000000000000000000000000000000000000000000000000000000000000000-0020406080a0ccdefg0jkl0nop0rstjlnprtnnnnnnpppppprrssNOPQ---------------------------------------------------------------------------------------------000000000000000000000000000000000000000000000000000000000000000000000000000000000000000000000000000000000000000000000000000000000000000000000000000000------------------------------------------------------------------------------------------------------------------------------------------------------;1.0;0.10337301587301595;0.02992907801418443;0.963503676488742;0.9796086584082943;0.07508578027119703;0.5252500348425723;0.10337301587301595;0.10337301587301595;-1;111111111111111111111111111111111111111111111111111111111000000000000000000000000000000000000000000000000000000000000000000000000000000000000000000000000000000000000000000000000000000000000000000000000000000000000000000000000000000000000000000000000000000000000000000000000000000000000000000000000000000000001100010100111010010111100100100110011110101111101000000000000000000000000000000000000000000000000000000000000000000000000000000000000000000000010000010011000000001001000000000010100100100000001100111000000000000000000000000000000000000000000000000000000000000000000000000000000000000000000000000000000000000000000000000000000000000000000000000000000000000000000000000000000000000000000000000000000000000000000000000000000000000000000000000000111111111111111111111111111111111111111111111111111111111000000000000000000000000000000000000000000000000000000000000000000000000000000000000000000000-0020406080a0ccdefg0jkl0nop0rstjlnprtnnnnnnpppppprrssNOPQ---------------------------------------------------------------------------------------------000000000000000000000000000000000000000000000000000000000000000000000000000000000000000000000000000000000000000000000000000000000000000000000000000000------------------------------------------------------------------------------------------------------------------------------------------------------
_SEEDS_111111111111111111111111111111111111111111111111111111111000000000000000000000000000000000000000000000000000000000000000000000000000000000000000000000000000000000000000000000000000000000000000000000000000000000000000000000000000000000000000000000000000000000000000000000000000000000000000000000000000000101010101000110000000000000011111100000000000000000000000000000000000000000000000000000000000000000000000000000000000000000000000000000000000000000000000000000000000000000000000000000000000000000000000000000000000000000000000000000000000000000000000000000000000000000000000000000000000000000000000000000000000000000000000000000000000000000000000000000000000000000000000000000000000000000000000000000000000000000000000000000000000000000000000000000111111111111111111111111111111111111111111111111111111111000000000000000000000000000000000000000000000000000000000000000000000000000000000000000000000-0020406080a0ccdefg0jkl0nop0rstjlnprtnnnnnnpppppprrssNOPQ---------------------------------------------------------------------------------------------000000000000000000000000000000000000000000000000000000000000000000000000000000000000000000000000000000000000000000000000000000000000000000000000000000------------------------------------------------------------------------------------------------------------------------------------------------------;1.0;0.10172619047619058;0.08561895660927699;0.9637266491112182;0.9871521329865266;0.08412568440513639;0.5370582689313914;0.10172619047619058;0.10172619047619058;-1;111111111011111111111111111111111111111111111111111111111000000000000000000000000000000000000000000000000000000000000000000000000000000000000000000000000000000000000000000000000000000000000000000000000000000000000000000000000000000000000000000000000000000000000000000000000000000000000000000000000000000100001110001001011100000100001100001111000100010010000000000000000000000000000000000000000000000000000000000000000000000000000000000000000000000000010001010010100010000000010000000001110000000010101010011000000000000000000000000000000000000000000000000000000000000000000000000000000000000000000000000000000000000000000000000000000000000000000000000000000000000000000000000000000000000000000000000000000000000000000000000000000000000000000000000000111111111111111111111111111111111111111111111111111111111000000000000000000000000000000000000000000000000000000000000000000000000000000000000000000000-0020406080a0ccdefg0jkl0nop0rstjlnprtnnnnnnpppppprrssNOPQ---------------------------------------------------------------------------------------------000000000000000000000000000000000000000000000000000000000000000000000000000000000000000000000000000000000000000000000000000000000000000000000000000000------------------------------------------------------------------------------------------------------------------------------------------------------
_SEEDS_111111111111111111111111111111111111111111111111111111111000000000000000000000000000000000000000000000000000000000000000000000000000000000000000000000000000000000000000000000000000000000000000000000000000000000000000000000000000000000000000000000000000000000000000000000000000000000000000000000000000000101010101000110000000000000011111100000000000000000000000000000000000000000000000000000000000000000000000000000000000000000000000000000000000000000000000000000000000000000000000000000000000000000000000000000000000000000000000000000000000000000000000000000000000000000000000000000000000000000000000000000000000000000000000000000000000000000000000000000000000000000000000000000000000000000000000000000000000000000000000000000000000000000000000000000111111111111111111111111111111111111111111111111111111111000000000000000000000000000000000000000000000000000000000000000000000000000000000000000000000-0020406080a0ccdefg0jkl0nop0rstjlnprtnnnnnnpppppprrssNOPQ---------------------------------------------------------------------------------------------000000000000000000000000000000000000000000000000000000000000000000000000000000000000000000000000000000000000000000000000000000000000000000000000000000------------------------------------------------------------------------------------------------------------------------------------------------------;1.0;0.09327380952380937;0.05770450323489851;0.9497514225186069;0.9786623053073448;0.10512842290521147;0.530753410581645;0.09327380952380937;0.09327380952380937;-1;111111111111111111011111111111111110111111011111111111111000000000000000000000000000000000000000000000000000000000000000000000000000000000000000000000000000000000000000000000000000000000000000000000000000000000000000000000000000000000000000000000000000000000000000000000000000000000000000000000000000010101001001000100101101011111111001100101001001110000011000000000000000000000000000000000000000000000000000000000000000000000000000000000000000000000001010011010001100100000000010000000000000110110100101010000000000000000000000000000000000000000000000000000000000000000000000000000000000000000000000000000000000000000000000000000000000000000000000000000000000000000000000000000000000000000000000000000000000000000000000000000000000000000000000000000111111111111111111111111111111111111111111111111111111111000000000000000000000000000000000000000000000000000000000000000000000000000000000000000000000-0020406080a0ccdefg0jkl0nop0rstjlnprtnnnnnnpppppprrssNOPQ---------------------------------------------------------------------------------------------000000000000000000000000000000000000000000000000000000000000000000000000000000000000000000000000000000000000000000000000000000000000000000000000000000------------------------------------------------------------------------------------------------------------------------------------------------------
_SEEDS_111111111111111111111111111111111111111111111111111111111000000000000000000000000000000000000000000000000000000000000000000000000000000000000000000000000000000000000000000000000000000000000000000000000000000000000000000000000000000000000000000000000000000000000000000000000000000000000000000000000000000101010101000110000000000000011111100000000000000000000000000000000000000000000000000000000000000000000000000000000000000000000000000000000000000000000000000000000000000000000000000000000000000000000000000000000000000000000000000000000000000000000000000000000000000000000000000000000000000000000000000000000000000000000000000000000000000000000000000000000000000000000000000000000000000000000000000000000000000000000000000000000000000000000000000000111111111111111111111111111111111111111111111111111111111000000000000000000000000000000000000000000000000000000000000000000000000000000000000000000000-0020406080a0ccdefg0jkl0nop0rstjlnprtnnnnnnpppppprrssNOPQ---------------------------------------------------------------------------------------------000000000000000000000000000000000000000000000000000000000000000000000000000000000000000000000000000000000000000000000000000000000000000000000000000000------------------------------------------------------------------------------------------------------------------------------------------------------;1.0;0.09111111111111114;0.09310801533268498;0.9572876477494131;0.9782969008652532;0.08394681103635414;0.5339584143491362;0.09111111111111114;0.09111111111111114;-1;111111111111111111111111111111111111111111111111111110101000000000000000000000000000000000000000000000000000000000000000000000000000000000000000000000000000000000000000000000000000000000000000000000000000000000000000000000000000000000000000000000000000000000000000000000000000000000000000000000000000100101011000001110001110011100001110001001010111011101010000000000000000000000000000000000000000000000000000000000000000000000000000000000000000000000000011000001100111111001000101000000000110010000011001000000000000000000000000000000000000000000000000000000000000000000000000000000000000000000000000000000000000000000000000000000000000000000000000000000000000000000000000000000000000000000000000000000000000000000000000000000000000000000000000000000111111111111111111111111111111111111111111111111111111111000000000000000000000000000000000000000000000000000000000000000000000000000000000000000000000-0020406080a0ccdefg0jkl0nop0rstjlnprtnnnnnnpppppprrssNOPQ---------------------------------------------------------------------------------------------000000000000000000000000000000000000000000000000000000000000000000000000000000000000000000000000000000000000000000000000000000000000000000000000000000------------------------------------------------------------------------------------------------------------------------------------------------------
_SEEDS_111111111111111111111111111111111111111111111111111111111000000000000000000000000000000000000000000000000000000000000000000000000000000000000000000000000000000000000000000000000000000000000000000000000000000000000000000000000000000000000000000000000000000000000000000000000000000000000000000000000000000101010101000110000000000000011111100000000000000000000000000000000000000000000000000000000000000000000000000000000000000000000000000000000000000000000000000000000000000000000000000000000000000000000000000000000000000000000000000000000000000000000000000000000000000000000000000000000000000000000000000000000000000000000000000000000000000000000000000000000000000000000000000000000000000000000000000000000000000000000000000000000000000000000000000000111111111111111111111111111111111111111111111111111111111000000000000000000000000000000000000000000000000000000000000000000000000000000000000000000000-0020406080a0ccdefg0jkl0nop0rstjlnprtnnnnnnpppppprrssNOPQ---------------------------------------------------------------------------------------------000000000000000000000000000000000000000000000000000000000000000000000000000000000000000000000000000000000000000000000000000000000000000000000000000000------------------------------------------------------------------------------------------------------------------------------------------------------;1.0;0.1106150793650792;0.10061472425354945;0.9732035590170192;0.9885295218468619;0.061418706757892225;0.539063598540067;0.1106150793650792;0.1106150793650792;-1;111111111111111111111111111111111111111111111111111111111000000000000000000000000000000000000000000000000000000000000000000000000000000000000000000000000000000000000000000000000000000000000000000000000000000000000000000000000000000000000000000000000000000000000000000000000000000000000000000000000000111010010100100001110000000100111000100100010011010100010000000000000000000000000000000000000000000000000000000000000000000000000000000000000000000000010001000100000010100000100010000100000110101000001010000000000000000000000000000000000000000000000000000000000000000000000000000000000000000000000000000000000000000000000000000000000000000000000000000000000000000000000000000000000000000000000000000000000000000000000000000000000000000000000000000000111111111111111111111111111111111111111111111111111111111000000000000000000000000000000000000000000000000000000000000000000000000000000000000000000000-0020406080a0ccdefg0jkl0nop0rstjlnprtnnnnnnpppppprrssNOPQ---------------------------------------------------------------------------------------------000000000000000000000000000000000000000000000000000000000000000000000000000000000000000000000000000000000000000000000000000000000000000000000000000000------------------------------------------------------------------------------------------------------------------------------------------------------
_SEEDS_111111111111111111111111111111111111111111111111111111111000000000000000000000000000000000000000000000000000000000000000000000000000000000000000000000000000000000000000000000000000000000000000000000000000000000000000000000000000000000000000000000000000000000000000000000000000000000000000000000000000000101010101000110000000000000011111100000000000000000000000000000000000000000000000000000000000000000000000000000000000000000000000000000000000000000000000000000000000000000000000000000000000000000000000000000000000000000000000000000000000000000000000000000000000000000000000000000000000000000000000000000000000000000000000000000000000000000000000000000000000000000000000000000000000000000000000000000000000000000000000000000000000000000000000000000111111111111111111111111111111111111111111111111111111111000000000000000000000000000000000000000000000000000000000000000000000000000000000000000000000-0020406080a0ccdefg0jkl0nop0rstjlnprtnnnnnnpppppprrssNOPQ---------------------------------------------------------------------------------------------000000000000000000000000000000000000000000000000000000000000000000000000000000000000000000000000000000000000000000000000000000000000000000000000000000------------------------------------------------------------------------------------------------------------------------------------------------------;1.0;0.09718253968253987;0.05222635742412984;0.9545540598134017;0.9798084786168498;0.1170825121427493;0.5334756579466118;0.09718253968253987;0.09718253968253987;-1;111111111111011111111111111111111111111111111110111111110100000000000000000000000000000000000000000000000000000000000000000000000000000000000000000000000000000000000000000000000000000000000000000000000000000000000000000000000000000000000000000000000000000000000000000000000000000000000000000000000000010010010000100001111100001100000101111110101101010000000000000000000000000000000000000000000000000000000000000000000000000000000000000000000000000000001100100010101100000000100011100100001000000000000001011000000000000000000000000000000000000000000000000000000000000000000000000000000000000000000000000000000000000000000000000000000000000000000000000000000000000000000000000000000000000000000000000000000000000000000000000000000000000000000000000000111111111111111111111111111111111111111111111111111111111000000000000000000000000000000000000000000000000000000000000000000000000000000000000000000000-0020406080a0ccdefg0jkl0nop0rstjlnprtnnnnnnpppppprrssNOPQ---------------------------------------------------------------------------------------------000000000000000000000000000000000000000000000000000000000000000000000000000000000000000000000000000000000000000000000000000000000000000000000000000000------------------------------------------------------------------------------------------------------------------------------------------------------
_SEEDS_111111111111111111111111111111111111111111111111111111111000000000000000000000000000000000000000000000000000000000000000000000000000000000000000000000000000000000000000000000000000000000000000000000000000000000000000000000000000000000000000000000000000000000000000000000000000000000000000000000000000000101010101000110000000000000011111100000000000000000000000000000000000000000000000000000000000000000000000000000000000000000000000000000000000000000000000000000000000000000000000000000000000000000000000000000000000000000000000000000000000000000000000000000000000000000000000000000000000000000000000000000000000000000000000000000000000000000000000000000000000000000000000000000000000000000000000000000000000000000000000000000000000000000000000000000111111111111111111111111111111111111111111111111111111111000000000000000000000000000000000000000000000000000000000000000000000000000000000000000000000-0020406080a0ccdefg0jkl0nop0rstjlnprtnnnnnnpppppprrssNOPQ---------------------------------------------------------------------------------------------000000000000000000000000000000000000000000000000000000000000000000000000000000000000000000000000000000000000000000000000000000000000000000000000000000------------------------------------------------------------------------------------------------------------------------------------------------------;1.0;0.11037698412698438;0.09013365876336588;0.9633060502196518;0.9838135039575953;0.08296432292559253;0.5384324199988649;0.11037698412698438;0.11037698412698438;-1;111111111111011111111111111111111111111111111111111111111000000000000000000000000000000000000000000000000000000000000000000000000000000000000000000000000000000000000000000000000000000000000000000000000000000000000000000000000000000000000000000000000000000000000000000000000000000000000000000000000000001001011000110000101100010100001100000000101010000011101000000000000000000000000000000000000000000000000000000000000000000000000000000000000000000000110000100010100000000000100001100000000000000101000000000000000000000000000000000000000000000000000000000000000000000000000000000000000000000000000000000000000000000000000000000000000000000000000000000000000000000000000000000000000000000000000000000000000000000000000000000000000000000000000000000000111111111111111111111111111111111111111111111111111111111000000000000000000000000000000000000000000000000000000000000000000000000000000000000000000000-0020406080a0ccdefg0jkl0nop0rstjlnprtnnnnnnpppppprrssNOPQ---------------------------------------------------------------------------------------------000000000000000000000000000000000000000000000000000000000000000000000000000000000000000000000000000000000000000000000000000000000000000000000000000000------------------------------------------------------------------------------------------------------------------------------------------------------
_SEEDS_111111111111111111111111111111111111111111111111111111111000000000000000000000000000000000000000000000000000000000000000000000000000000000000000000000000000000000000000000000000000000000000000000000000000000000000000000000000000000000000000000000000000000000000000000000000000000000000000000000000000000101010101000110000000000000011111100000000000000000000000000000000000000000000000000000000000000000000000000000000000000000000000000000000000000000000000000000000000000000000000000000000000000000000000000000000000000000000000000000000000000000000000000000000000000000000000000000000000000000000000000000000000000000000000000000000000000000000000000000000000000000000000000000000000000000000000000000000000000000000000000000000000000000000000000000111111111111111111111111111111111111111111111111111111111000000000000000000000000000000000000000000000000000000000000000000000000000000000000000000000-0020406080a0ccdefg0jkl0nop0rstjlnprtnnnnnnpppppprrssNOPQ---------------------------------------------------------------------------------------------000000000000000000000000000000000000000000000000000000000000000000000000000000000000000000000000000000000000000000000000000000000000000000000000000000------------------------------------------------------------------------------------------------------------------------------------------------------;1.0;0.09857142857142842;0.14632607512518503;0.9574517192246672;0.9805634270489961;0.08193181820414089;0.5441407446957363;0.09857142857142842;0.09857142857142842;-1;111111111111111111111101111111111111111111111111111111111000000000000000000000000000000000000000000000000000000000000000000000000000000000000000000000000000000000000000000000000000000000000000000000000000000000000000000000000000000000000000000000000000000000000000000000000000000000000000000000000000001110011000110100101000000111011010000001110101000101001000000000000000000000000000000000000000000000000000000000000000000000000000000000000000000000001011000010000001010010111100100000001010000010000000100000000000000000000000000000000000000000000000000000000000000000000000000000000000000000000000000000000000000000000000000000000000000000000000000000000000000000000000000000000000000000000000000000000000000000000000000000000000000000000000000000111111111111111111111111111111111111111111111111111111111000000000000000000000000000000000000000000000000000000000000000000000000000000000000000000000-0020406080a0ccdefg0jkl0nop0rstjlnprtnnnnnnpppppprrssNOPQ---------------------------------------------------------------------------------------------000000000000000000000000000000000000000000000000000000000000000000000000000000000000000000000000000000000000000000000000000000000000000000000000000000------------------------------------------------------------------------------------------------------------------------------------------------------
_SEEDS_111111111111111111111111111111111111111111111111111111111000000000000000000000000000000000000000000000000000000000000000000000000000000000000000000000000000000000000000000000000000000000000000000000000000000000000000000000000000000000000000000000000000000000000000000000000000000000000000000000000000000101010101000110000000000000011111100000000000000000000000000000000000000000000000000000000000000000000000000000000000000000000000000000000000000000000000000000000000000000000000000000000000000000000000000000000000000000000000000000000000000000000000000000000000000000000000000000000000000000000000000000000000000000000000000000000000000000000000000000000000000000000000000000000000000000000000000000000000000000000000000000000000000000000000000000111111111111111111111111111111111111111111111111111111111000000000000000000000000000000000000000000000000000000000000000000000000000000000000000000000-0020406080a0ccdefg0jkl0nop0rstjlnprtnnnnnnpppppprrssNOPQ---------------------------------------------------------------------------------------------000000000000000000000000000000000000000000000000000000000000000000000000000000000000000000000000000000000000000000000000000000000000000000000000000000------------------------------------------------------------------------------------------------------------------------------------------------------;1.0;0.10769841269841252;0.09485594525911778;0.9579161569411313;0.9781635050880318;0.08526039444328776;0.5373157357383301;0.10769841269841252;0.10769841269841252;-1;101111111111111111111111111111111111111111011111111111111100000000000000000000000000000000000000000000000000000000000000000000000000000000000000000000000000000000000000000000000000000000000000000000000000000000000000000000000000000000000000000000000000000000000000000000000000000000000000000000000000001110010000100101100100000000011000010110101100110100000000000000000000000000000000000000000000000000000000000000000000000000000000000000000000000000010001110100001010100001100000000001011000001001000001110000000000000000000000000000000000000000000000000000000000000000000000000000000000000000000000000000000000000000000000000000000000000000000000000000000000000000000000000000000000000000000000000000000000000000000000000000000000000000000000000000111111111111111111111111111111111111111111111111111111111000000000000000000000000000000000000000000000000000000000000000000000000000000000000000000000-0020406080a0ccdefg0jkl0nop0rstjlnprtnnnnnnpppppprrssNOPQ---------------------------------------------------------------------------------------------000000000000000000000000000000000000000000000000000000000000000000000000000000000000000000000000000000000000000000000000000000000000000000000000000000------------------------------------------------------------------------------------------------------------------------------------------------------
_SEEDS_111111111111111111111111111111111111111111111111111111111000000000000000000000000000000000000000000000000000000000000000000000000000000000000000000000000000000000000000000000000000000000000000000000000000000000000000000000000000000000000000000000000000000000000000000000000000000000000000000000000000000101010101000110000000000000011111100000000000000000000000000000000000000000000000000000000000000000000000000000000000000000000000000000000000000000000000000000000000000000000000000000000000000000000000000000000000000000000000000000000000000000000000000000000000000000000000000000000000000000000000000000000000000000000000000000000000000000000000000000000000000000000000000000000000000000000000000000000000000000000000000000000000000000000000000000111111111111111111111111111111111111111111111111111111111000000000000000000000000000000000000000000000000000000000000000000000000000000000000000000000-0020406080a0ccdefg0jkl0nop0rstjlnprtnnnnnnpppppprrssNOPQ---------------------------------------------------------------------------------------------000000000000000000000000000000000000000000000000000000000000000000000000000000000000000000000000000000000000000000000000000000000000000000000000000000------------------------------------------------------------------------------------------------------------------------------------------------------;1.0;0.10970238095238105;0.11411628683281971;0.9538371978307372;0.9741769806776427;0.06710175180210762;0.5364890996826147;0.10970238095238105;0.10970238095238105;-1;111111111111111111111111111011111101111111111111111111111000000000000000000000000000000000000000000000000000000000000000000000000000000000000000000000000000000000000000000000000000000000000000000000000000000000000000000000000000000000000000000000000000000000000000000000000000000000000000000000000000011100000000000001010100000101111101101010100101110010011000000000000000000000000000000000000000000000000000000000000000000000000000000000000000000000100010000000000110000001010100000010000010011000001001100000000000000000000000000000000000000000000000000000000000000000000000000000000000000000000000000000000000000000000000000000000000000000000000000000000000000000000000000000000000000000000000000000000000000000000000000000000000000000000000000000111111111111111111111111111111111111111111111111111111111000000000000000000000000000000000000000000000000000000000000000000000000000000000000000000000-0020406080a0ccdefg0jkl0nop0rstjlnprtnnnnnnpppppprrssNOPQ---------------------------------------------------------------------------------------------000000000000000000000000000000000000000000000000000000000000000000000000000000000000000000000000000000000000000000000000000000000000000000000000000000------------------------------------------------------------------------------------------------------------------------------------------------------
_SEEDS_111111111111111111111111111111111111111111111111111111111000000000000000000000000000000000000000000000000000000000000000000000000000000000000000000000000000000000000000000000000000000000000000000000000000000000000000000000000000000000000000000000000000000000000000000000000000000000000000000000000000000101010101000110000000000000011111100000000000000000000000000000000000000000000000000000000000000000000000000000000000000000000000000000000000000000000000000000000000000000000000000000000000000000000000000000000000000000000000000000000000000000000000000000000000000000000000000000000000000000000000000000000000000000000000000000000000000000000000000000000000000000000000000000000000000000000000000000000000000000000000000000000000000000000000000000111111111111111111111111111111111111111111111111111111111000000000000000000000000000000000000000000000000000000000000000000000000000000000000000000000-0020406080a0ccdefg0jkl0nop0rstjlnprtnnnnnnpppppprrssNOPQ---------------------------------------------------------------------------------------------000000000000000000000000000000000000000000000000000000000000000000000000000000000000000000000000000000000000000000000000000000000000000000000000000000------------------------------------------------------------------------------------------------------------------------------------------------------;1.0;0.09505952380952387;0.1273184869288021;0.9646022880628714;0.9844304040630681;0.07841621732652447;0.5416378200317983;0.09505952380952387;0.09505952380952387;-1;111111111111111111111111111111111111111111111111111111111000000000000000000000000000000000000000000000000000000000000000000000000000000000000000000000000000000000000000000000000000000000000000000000000000000000000000000000000000000000000000000000000000000000000000000000000000000000000000000000000000011111110000110111000010010000001111101010000101000000000000000000000000000000000000000000000000000000000000000000000000000000000000000000000000000000000000011000000000001001010011010100000100011101000000000000000000000000000000000000000000000000000000000000000000000000000000000000000000000000000000000000000000000000000000000000000000000000000000000000000000000000000000000000000000000000000000000000000000000000000000000000000000000000000000000000111111111111111111111111111111111111111111111111111111111000000000000000000000000000000000000000000000000000000000000000000000000000000000000000000000-0020406080a0ccdefg0jkl0nop0rstjlnprtnnnnnnpppppprrssNOPQ---------------------------------------------------------------------------------------------000000000000000000000000000000000000000000000000000000000000000000000000000000000000000000000000000000000000000000000000000000000000000000000000000000------------------------------------------------------------------------------------------------------------------------------------------------------
_SEEDS_111111111111111111111111111111111111111111111111111111111000000000000000000000000000000000000000000000000000000000000000000000000000000000000000000000000000000000000000000000000000000000000000000000000000000000000000000000000000000000000000000000000000000000000000000000000000000000000000000000000000000101010101000110000000000000011111100000000000000000000000000000000000000000000000000000000000000000000000000000000000000000000000000000000000000000000000000000000000000000000000000000000000000000000000000000000000000000000000000000000000000000000000000000000000000000000000000000000000000000000000000000000000000000000000000000000000000000000000000000000000000000000000000000000000000000000000000000000000000000000000000000000000000000000000000000111111111111111111111111111111111111111111111111111111111000000000000000000000000000000000000000000000000000000000000000000000000000000000000000000000-0020406080a0ccdefg0jkl0nop0rstjlnprtnnnnnnpppppprrssNOPQ---------------------------------------------------------------------------------------------000000000000000000000000000000000000000000000000000000000000000000000000000000000000000000000000000000000000000000000000000000000000000000000000000000------------------------------------------------------------------------------------------------------------------------------------------------------;1.0;0.09390873015873014;0.0;0.9412689615989045;0.9806773691332609;0.08557835061562849;0.5169055685844207;0.09390873015873014;0.09390873015873014;-1;111011011111111111111111101111111111111111111111111111111000000000000000000000000000000000000000000000000000000000000000000000000000000000000000000000000000000000000000000000000000000000000000000000000000000000000000000000000000000000000000000000000000000000000000000000000000000000000000000000000000010101110001100001101001000111101000100110101000000001010000000000000000000000000000000000000000000000000000000000000000000000000000000000000000000000100000010111000000000011110001010101010001000100000010000000000000000000000000000000000000000000000000000000000000000000000000000000000000000000000000000000000000000000000000000000000000000000000000000000000000000000000000000000000000000000000000000000000000000000000000000000000000000000000000000000111111111111111111111111111111111111111111111111111111111000000000000000000000000000000000000000000000000000000000000000000000000000000000000000000000-0020406080a0ccdefg0jkl0nop0rstjlnprtnnnnnnpppppprrssNOPQ---------------------------------------------------------------------------------------------000000000000000000000000000000000000000000000000000000000000000000000000000000000000000000000000000000000000000000000000000000000000000000000000000000------------------------------------------------------------------------------------------------------------------------------------------------------
_SEEDS_111111111111111111111111111111111111111111111111111111111000000000000000000000000000000000000000000000000000000000000000000000000000000000000000000000000000000000000000000000000000000000000000000000000000000000000000000000000000000000000000000000000000000000000000000000000000000000000000000000000000000101010101000110000000000000011111100000000000000000000000000000000000000000000000000000000000000000000000000000000000000000000000000000000000000000000000000000000000000000000000000000000000000000000000000000000000000000000000000000000000000000000000000000000000000000000000000000000000000000000000000000000000000000000000000000000000000000000000000000000000000000000000000000000000000000000000000000000000000000000000000000000000000000000000000000111111111111111111111111111111111111111111111111111111111000000000000000000000000000000000000000000000000000000000000000000000000000000000000000000000-0020406080a0ccdefg0jkl0nop0rstjlnprtnnnnnnpppppprrssNOPQ---------------------------------------------------------------------------------------------000000000000000000000000000000000000000000000000000000000000000000000000000000000000000000000000000000000000000000000000000000000000000000000000000000------------------------------------------------------------------------------------------------------------------------------------------------------;1.0;0.09581349206349188;0.10873699732506736;0.9660352604129814;0.9849349549966878;0.08268047024381862;0.5397001958403412;0.09581349206349188;0.09581349206349188;-1;111111111111111111111111111111111111111111111111101111111000000000000000000000000000000000000000000000000000000000000000000000000000000000000000000000000000000000000000000000000000000000000000000000000000000000000000000000000000000000000000000000000000000000000000000000000000000000000000000000000000000100000111011100001000110010001110110001000100111001110000000000000000000000000000000000000000000000000000000000000000000000000000000000000000000000110010001101001011000000010110000100000000100110001010001000000000000000000000000000000000000000000000000000000000000000000000000000000000000000000000000000000000000000000000000000000000000000000000000000000000000000000000000000000000000000000000000000000000000000000000000000000000000000000000000000111111111111111111111111111111111111111111111111111111111000000000000000000000000000000000000000000000000000000000000000000000000000000000000000000000-0020406080a0ccdefg0jkl0nop0rstjlnprtnnnnnnpppppprrssNOPQ---------------------------------------------------------------------------------------------000000000000000000000000000000000000000000000000000000000000000000000000000000000000000000000000000000000000000000000000000000000000000000000000000000------------------------------------------------------------------------------------------------------------------------------------------------------
_SEEDS_111111111111111111111111111111111111111111111111111111111000000000000000000000000000000000000000000000000000000000000000000000000000000000000000000000000000000000000000000000000000000000000000000000000000000000000000000000000000000000000000000000000000000000000000000000000000000000000000000000000000000101010101000110000000000000011111100000000000000000000000000000000000000000000000000000000000000000000000000000000000000000000000000000000000000000000000000000000000000000000000000000000000000000000000000000000000000000000000000000000000000000000000000000000000000000000000000000000000000000000000000000000000000000000000000000000000000000000000000000000000000000000000000000000000000000000000000000000000000000000000000000000000000000000000000000111111111111111111111111111111111111111111111111111111111000000000000000000000000000000000000000000000000000000000000000000000000000000000000000000000-0020406080a0ccdefg0jkl0nop0rstjlnprtnnnnnnpppppprrssNOPQ---------------------------------------------------------------------------------------------000000000000000000000000000000000000000000000000000000000000000000000000000000000000000000000000000000000000000000000000000000000000000000000000000000------------------------------------------------------------------------------------------------------------------------------------------------------;1.0;0.09988095238095229;0.13853462203962552;0.9618195177429214;0.9833192479546083;0.08253298813543633;0.5443478880422573;0.09988095238095229;0.09988095238095229;-1;111111111111111111111111111111111111110111111111111111111000000000000000000000000000000000000000000000000000000000000000000000000000000000000000000000000000000000000000000000000000000000000000000000000000000000000000000000000000000000000000000000000000000000000000000000000000000000000000000000000000000100110100001001000100000000001100110011110000101000000000000000000000000000000000000000000000000000000000000000000000000000000000000000000000000000010010001101001000101000000001010000101000001100010100010000000000000000000000000000000000000000000000000000000000000000000000000000000000000000000000000000000000000000000000000000000000000000000000000000000000000000000000000000000000000000000000000000000000000000000000000000000000000000000000000000111111111111111111111111111111111111111111111111111111111000000000000000000000000000000000000000000000000000000000000000000000000000000000000000000000-0020406080a0ccdefg0jkl0nop0rstjlnprtnnnnnnpppppprrssNOPQ---------------------------------------------------------------------------------------------000000000000000000000000000000000000000000000000000000000000000000000000000000000000000000000000000000000000000000000000000000000000000000000000000000------------------------------------------------------------------------------------------------------------------------------------------------------
_SEEDS_111111111111111111111111111111111111111111111111111111111000000000000000000000000000000000000000000000000000000000000000000000000000000000000000000000000000000000000000000000000000000000000000000000000000000000000000000000000000000000000000000000000000000000000000000000000000000000000000000000000000000101010101000110000000000000011111100000000000000000000000000000000000000000000000000000000000000000000000000000000000000000000000000000000000000000000000000000000000000000000000000000000000000000000000000000000000000000000000000000000000000000000000000000000000000000000000000000000000000000000000000000000000000000000000000000000000000000000000000000000000000000000000000000000000000000000000000000000000000000000000000000000000000000000000000000111111111111111111111111111111111111111111111111111111111000000000000000000000000000000000000000000000000000000000000000000000000000000000000000000000-0020406080a0ccdefg0jkl0nop0rstjlnprtnnnnnnpppppprrssNOPQ---------------------------------------------------------------------------------------------000000000000000000000000000000000000000000000000000000000000000000000000000000000000000000000000000000000000000000000000000000000000000000000000000000------------------------------------------------------------------------------------------------------------------------------------------------------;1.0;0.09912698412698395;0.06732418427331555;0.9702698170122872;0.9872324244824614;0.09606147909250397;0.536669148164592;0.09912698412698395;0.09912698412698395;-1;111111111111111111111111111111111111111111111111111111111000000000000000000000000000000000000000000000000000000000000000000000000000000000000000000000000000000000000000000000000000000000000000000000000000000000000000000000000000000000000000000000000000000000000000000000000000000000000000000000000000011000110011010011000111001000010100100011110101100100101000000000000000000000000000000000000000000000000000000000000000000000000000000000000000000000001100000010000000100000000101100100000100000000010101111000000000000000000000000000000000000000000000000000000000000000000000000000000000000000000000000000000000000000000000000000000000000000000000000000000000000000000000000000000000000000000000000000000000000000000000000000000000000000000000000000111111111111111111111111111111111111111111111111111111111000000000000000000000000000000000000000000000000000000000000000000000000000000000000000000000-0020406080a0ccdefg0jkl0nop0rstjlnprtnnnnnnpppppprrssNOPQ---------------------------------------------------------------------------------------------000000000000000000000000000000000000000000000000000000000000000000000000000000000000000000000000000000000000000000000000000000000000000000000000000000------------------------------------------------------------------------------------------------------------------------------------------------------
_SEEDS_111111111111111111111111111111111111111111111111111111111000000000000000000000000000000000000000000000000000000000000000000000000000000000000000000000000000000000000000000000000000000000000000000000000000000000000000000000000000000000000000000000000000000000000000000000000000000000000000000000000000000101010101000110000000000000011111100000000000000000000000000000000000000000000000000000000000000000000000000000000000000000000000000000000000000000000000000000000000000000000000000000000000000000000000000000000000000000000000000000000000000000000000000000000000000000000000000000000000000000000000000000000000000000000000000000000000000000000000000000000000000000000000000000000000000000000000000000000000000000000000000000000000000000000000000000111111111111111111111111111111111111111111111111111111111000000000000000000000000000000000000000000000000000000000000000000000000000000000000000000000-0020406080a0ccdefg0jkl0nop0rstjlnprtnnnnnnpppppprrssNOPQ---------------------------------------------------------------------------------------------000000000000000000000000000000000000000000000000000000000000000000000000000000000000000000000000000000000000000000000000000000000000000000000000000000------------------------------------------------------------------------------------------------------------------------------------------------------;1.0;0.10285714285714298;0.1203182354622907;0.9580952917670879;0.974778006694048;0.07637891705180115;0.5387379323053951;0.10285714285714298;0.10285714285714298;-1;111111111111111111111111111111111111111111111111111110111000000000000000000000000000000000000000000000000000000000000000000000000000000000000000000000000000000000000000000000000000000000000000000000000000000000000000000000000000000000000000000000000000000000000000000000000000000000000000000000000000001110101110111010110011100111000000001000110110100011011000000000000000000000000000000000000000000000000000000000000000000000000000000000000000000000000001000000000000001100100001000100010100000001010000001000000000000000000000000000000000000000000000000000000000000000000000000000000000000000000000000000000000000000000000000000000000000000000000000000000000000000000000000000000000000000000000000000000000000000000000000000000000000000000000000000111111111111111111111111111111111111111111111111111111111000000000000000000000000000000000000000000000000000000000000000000000000000000000000000000000-0020406080a0ccdefg0jkl0nop0rstjlnprtnnnnnnpppppprrssNOPQ---------------------------------------------------------------------------------------------000000000000000000000000000000000000000000000000000000000000000000000000000000000000000000000000000000000000000000000000000000000000000000000000000000------------------------------------------------------------------------------------------------------------------------------------------------------
_SEEDS_111111111111111111111111111111111111111111111111111111111000000000000000000000000000000000000000000000000000000000000000000000000000000000000000000000000000000000000000000000000000000000000000000000000000000000000000000000000000000000000000000000000000000000000000000000000000000000000000000000000000000101010101000110000000000000011111100000000000000000000000000000000000000000000000000000000000000000000000000000000000000000000000000000000000000000000000000000000000000000000000000000000000000000000000000000000000000000000000000000000000000000000000000000000000000000000000000000000000000000000000000000000000000000000000000000000000000000000000000000000000000000000000000000000000000000000000000000000000000000000000000000000000000000000000000000111111111111111111111111111111111111111111111111111111111000000000000000000000000000000000000000000000000000000000000000000000000000000000000000000000-0020406080a0ccdefg0jkl0nop0rstjlnprtnnnnnnpppppprrssNOPQ---------------------------------------------------------------------------------------------000000000000000000000000000000000000000000000000000000000000000000000000000000000000000000000000000000000000000000000000000000000000000000000000000000------------------------------------------------------------------------------------------------------------------------------------------------------;1.0;0.09827380952380937;0.09848845443416743;0.9678866284323758;0.9847479881029683;0.09087353651133495;0.540045069500776;0.09827380952380937;0.09827380952380937;-1;111111111111111111111111111111111111111011111111111111111000000000000000000000000000000000000000000000000000000000000000000000000000000000000000000000000000000000000000000000000000000000000000000000000000000000000000000000000000000000000000000000000000000000000000000000000000000000000000000000000000000011000101000111001100111010011100111100000101100011000000000000000000000000000000000000000000000000000000000000000000000000000000000000000000000000000100000011001001100010000001100011000011010000011101000000000000000000000000000000000000000000000000000000000000000000000000000000000000000000000000000000000000000000000000000000000000000000000000000000000000000000000000000000000000000000000000000000000000000000000000000000000000000000000000000000111111111111111111111111111111111111111111111111111111111000000000000000000000000000000000000000000000000000000000000000000000000000000000000000000000-0020406080a0ccdefg0jkl0nop0rstjlnprtnnnnnnpppppprrssNOPQ---------------------------------------------------------------------------------------------000000000000000000000000000000000000000000000000000000000000000000000000000000000000000000000000000000000000000000000000000000000000000000000000000000------------------------------------------------------------------------------------------------------------------------------------------------------
_SEEDS_111111111111111111111111111111111111111111111111111111111000000000000000000000000000000000000000000000000000000000000000000000000000000000000000000000000000000000000000000000000000000000000000000000000000000000000000000000000000000000000000000000000000000000000000000000000000000000000000000000000000000101010101000110000000000000011111100000000000000000000000000000000000000000000000000000000000000000000000000000000000000000000000000000000000000000000000000000000000000000000000000000000000000000000000000000000000000000000000000000000000000000000000000000000000000000000000000000000000000000000000000000000000000000000000000000000000000000000000000000000000000000000000000000000000000000000000000000000000000000000000000000000000000000000000000000111111111111111111111111111111111111111111111111111111111000000000000000000000000000000000000000000000000000000000000000000000000000000000000000000000-0020406080a0ccdefg0jkl0nop0rstjlnprtnnnnnnpppppprrssNOPQ---------------------------------------------------------------------------------------------000000000000000000000000000000000000000000000000000000000000000000000000000000000000000000000000000000000000000000000000000000000000000000000000000000------------------------------------------------------------------------------------------------------------------------------------------------------;1.0;0.10462301587301581;0.0;0.9746023177764956;0.9901505118715198;0.0765760589194873;0.5243253174067531;0.10462301587301581;0.10462301587301581;-1;111111111111111111111111111111111111111111111111111111111000000000000000000000000000000000000000000000000000000000000000000000000000000000000000000000000000000000000000000000000000000000000000000000000000000000000000000000000000000000000000000000000000000000000000000000000000000000000000000000000000000001001001111111110010000010100011101011000110100000101000000000000000000000000000000000000000000000000000000000000000000000000000000000000000000000000000000111100000000001000000000010000101001000000001010000000000000000000000000000000000000000000000000000000000000000000000000000000000000000000000000000000000000000000000000000000000000000000000000000000000000000000000000000000000000000000000000000000000000000000000000000000000000000000000000000111111111111111111111111111111111111111111111111111111111000000000000000000000000000000000000000000000000000000000000000000000000000000000000000000000-0020406080a0ccdefg0jkl0nop0rstjlnprtnnnnnnpppppprrssNOPQ---------------------------------------------------------------------------------------------000000000000000000000000000000000000000000000000000000000000000000000000000000000000000000000000000000000000000000000000000000000000000000000000000000------------------------------------------------------------------------------------------------------------------------------------------------------
_SEEDS_111111111111111111111111111111111111111111111111111111111000000000000000000000000000000000000000000000000000000000000000000000000000000000000000000000000000000000000000000000000000000000000000000000000000000000000000000000000000000000000000000000000000000000000000000000000000000000000000000000000000000101010101000110000000000000011111100000000000000000000000000000000000000000000000000000000000000000000000000000000000000000000000000000000000000000000000000000000000000000000000000000000000000000000000000000000000000000000000000000000000000000000000000000000000000000000000000000000000000000000000000000000000000000000000000000000000000000000000000000000000000000000000000000000000000000000000000000000000000000000000000000000000000000000000000000111111111111111111111111111111111111111111111111111111111000000000000000000000000000000000000000000000000000000000000000000000000000000000000000000000-0020406080a0ccdefg0jkl0nop0rstjlnprtnnnnnnpppppprrssNOPQ---------------------------------------------------------------------------------------------000000000000000000000000000000000000000000000000000000000000000000000000000000000000000000000000000000000000000000000000000000000000000000000000000000------------------------------------------------------------------------------------------------------------------------------------------------------;1.0;0.10244047619047614;0.10000685156226197;0.9674403421478864;0.9837144282132094;0.08908837830022379;0.5404484127356762;0.10244047619047614;0.10244047619047614;-1;111111111111111111111111111111111111111111111111111111111000000000000000000000000000000000000000000000000000000000000000000000000000000000000000000000000000000000000000000000000000000000000000000000000000000000000000000000000000000000000000000000000000000000000000000000000000000000000000000000000000011001000110101010000001110000000010111011100010000101011000000000000000000000000000000000000000000000000000000000000000000000000000000000000000000000100110110000010100000000001101100000000000110101100000000000000000000000000000000000000000000000000000000000000000000000000000000000000000000000000000000000000000000000000000000000000000000000000000000000000000000000000000000000000000000000000000000000000000000000000000000000000000000000000000000000111111111111111111111111111111111111111111111111111111111000000000000000000000000000000000000000000000000000000000000000000000000000000000000000000000-0020406080a0ccdefg0jkl0nop0rstjlnprtnnnnnnpppppprrssNOPQ---------------------------------------------------------------------------------------------000000000000000000000000000000000000000000000000000000000000000000000000000000000000000000000000000000000000000000000000000000000000000000000000000000------------------------------------------------------------------------------------------------------------------------------------------------------
_SEEDS_111111111111111111111111111111111111111111111111111111111000000000000000000000000000000000000000000000000000000000000000000000000000000000000000000000000000000000000000000000000000000000000000000000000000000000000000000000000000000000000000000000000000000000000000000000000000000000000000000000000000000101010101000110000000000000011111100000000000000000000000000000000000000000000000000000000000000000000000000000000000000000000000000000000000000000000000000000000000000000000000000000000000000000000000000000000000000000000000000000000000000000000000000000000000000000000000000000000000000000000000000000000000000000000000000000000000000000000000000000000000000000000000000000000000000000000000000000000000000000000000000000000000000000000000000000111111111111111111111111111111111111111111111111111111111000000000000000000000000000000000000000000000000000000000000000000000000000000000000000000000-0020406080a0ccdefg0jkl0nop0rstjlnprtnnnnnnpppppprrssNOPQ---------------------------------------------------------------------------------------------000000000000000000000000000000000000000000000000000000000000000000000000000000000000000000000000000000000000000000000000000000000000000000000000000000------------------------------------------------------------------------------------------------------------------------------------------------------;1.0;0.09956349206349224;0.20853220366562264;0.9637010012084984;0.9813638113285733;0.08311886950375587;0.5560465629616571;0.09956349206349224;0.09956349206349224;-1;111111111111111111111111111111111111111111111111111111111000000000000000000000000000000000000000000000000000000000000000000000000000000000000000000000000000000000000000000000000000000000000000000000000000000000000000000000000000000000000000000000000000000000000000000000000000000000000000000000000000010010100100011110110001000111101011000001100010110101001000000000000000000000000000000000000000000000000000000000000000000000000000000000000000000000000001000001000110010010000001100010100100010001001000100000000000000000000000000000000000000000000000000000000000000000000000000000000000000000000000000000000000000000000000000000000000000000000000000000000000000000000000000000000000000000000000000000000000000000000000000000000000000000000000000000111111111111111111111111111111111111111111111111111111111000000000000000000000000000000000000000000000000000000000000000000000000000000000000000000000-0020406080a0ccdefg0jkl0nop0rstjlnprtnnnnnnpppppprrssNOPQ---------------------------------------------------------------------------------------------000000000000000000000000000000000000000000000000000000000000000000000000000000000000000000000000000000000000000000000000000000000000000000000000000000------------------------------------------------------------------------------------------------------------------------------------------------------
_SEEDS_111111111111111111111111111111111111111111111111111111111000000000000000000000000000000000000000000000000000000000000000000000000000000000000000000000000000000000000000000000000000000000000000000000000000000000000000000000000000000000000000000000000000000000000000000000000000000000000000000000000000000101010101000110000000000000011111100000000000000000000000000000000000000000000000000000000000000000000000000000000000000000000000000000000000000000000000000000000000000000000000000000000000000000000000000000000000000000000000000000000000000000000000000000000000000000000000000000000000000000000000000000000000000000000000000000000000000000000000000000000000000000000000000000000000000000000000000000000000000000000000000000000000000000000000000000111111111111111111111111111111111111111111111111111111111000000000000000000000000000000000000000000000000000000000000000000000000000000000000000000000-0020406080a0ccdefg0jkl0nop0rstjlnprtnnnnnnpppppprrssNOPQ---------------------------------------------------------------------------------------------000000000000000000000000000000000000000000000000000000000000000000000000000000000000000000000000000000000000000000000000000000000000000000000000000000------------------------------------------------------------------------------------------------------------------------------------------------------;1.0;0.09253968253968248;0.016740088105726914;0.959463483441576;0.9867578017637726;0.06808834972607765;0.5205982342628059;0.09253968253968248;0.09253968253968248;-1;111111111110111111111111111111111111111111111111111111111000000000000000000000000000000000000000000000000000000000000000000000000000000000000000000000000000000000000000000000000000000000000000000000000000000000000000000000000000000000000000000000000000000000000000000000000000000000000000000000000000111010000111100110100001110010010001101100101011100000001000000000000000000000000000000000000000000000000000000000000000000000000000000000000000000000000100000000110000001000001111110000010100000000001100000000000000000000000000000000000000000000000000000000000000000000000000000000000000000000000000000000000000000000000000000000000000000000000000000000000000000000000000000000000000000000000000000000000000000000000000000000000000000000000000000000111111111111111111111111111111111111111111111111111111111000000000000000000000000000000000000000000000000000000000000000000000000000000000000000000000-0020406080a0ccdefg0jkl0nop0rstjlnprtnnnnnnpppppprrssNOPQ---------------------------------------------------------------------------------------------000000000000000000000000000000000000000000000000000000000000000000000000000000000000000000000000000000000000000000000000000000000000000000000000000000------------------------------------------------------------------------------------------------------------------------------------------------------
_SEEDS_111111111111111111111111111111111111111111111111111111111000000000000000000000000000000000000000000000000000000000000000000000000000000000000000000000000000000000000000000000000000000000000000000000000000000000000000000000000000000000000000000000000000000000000000000000000000000000000000000000000000000101010101000110000000000000011111100000000000000000000000000000000000000000000000000000000000000000000000000000000000000000000000000000000000000000000000000000000000000000000000000000000000000000000000000000000000000000000000000000000000000000000000000000000000000000000000000000000000000000000000000000000000000000000000000000000000000000000000000000000000000000000000000000000000000000000000000000000000000000000000000000000000000000000000000000111111111111111111111111111111111111111111111111111111111000000000000000000000000000000000000000000000000000000000000000000000000000000000000000000000-0020406080a0ccdefg0jkl0nop0rstjlnprtnnnnnnpppppprrssNOPQ---------------------------------------------------------------------------------------------000000000000000000000000000000000000000000000000000000000000000000000000000000000000000000000000000000000000000000000000000000000000000000000000000000------------------------------------------------------------------------------------------------------------------------------------------------------;1.0;0.09956349206349202;0.0;0.9537851375987325;0.9790211463997327;0.07283772423052944;0.5175345833820811;0.09956349206349202;0.09956349206349202;-1;111111111111111111111110111111111111111011111111111111111000000000000000000000000000000000000000000000000000000000000000000000000000000000000000000000000000000000000000000000000000000000000000000000000000000000000000000000000000000000000000000000000000000000000000000000000000000000000000000000000000110110001001000000101101001001111001001110110011000001000000000000000000000000000000000000000000000000000000000000000000000000000000000000000000000000001000100100110100000000100100000010100010001010010010011000000000000000000000000000000000000000000000000000000000000000000000000000000000000000000000000000000000000000000000000000000000000000000000000000000000000000000000000000000000000000000000000000000000000000000000000000000000000000000000000000111111111111111111111111111111111111111111111111111111111000000000000000000000000000000000000000000000000000000000000000000000000000000000000000000000-0020406080a0ccdefg0jkl0nop0rstjlnprtnnnnnnpppppprrssNOPQ---------------------------------------------------------------------------------------------000000000000000000000000000000000000000000000000000000000000000000000000000000000000000000000000000000000000000000000000000000000000000000000000000000------------------------------------------------------------------------------------------------------------------------------------------------------
_SEEDS_111111111111111111111111111111111111111111111111111111111000000000000000000000000000000000000000000000000000000000000000000000000000000000000000000000000000000000000000000000000000000000000000000000000000000000000000000000000000000000000000000000000000000000000000000000000000000000000000000000000000000101010101000110000000000000011111100000000000000000000000000000000000000000000000000000000000000000000000000000000000000000000000000000000000000000000000000000000000000000000000000000000000000000000000000000000000000000000000000000000000000000000000000000000000000000000000000000000000000000000000000000000000000000000000000000000000000000000000000000000000000000000000000000000000000000000000000000000000000000000000000000000000000000000000000000111111111111111111111111111111111111111111111111111111111000000000000000000000000000000000000000000000000000000000000000000000000000000000000000000000-0020406080a0ccdefg0jkl0nop0rstjlnprtnnnnnnpppppprrssNOPQ---------------------------------------------------------------------------------------------000000000000000000000000000000000000000000000000000000000000000000000000000000000000000000000000000000000000000000000000000000000000000000000000000000------------------------------------------------------------------------------------------------------------------------------------------------------;1.0;0.08642857142857152;0.12619703515363723;0.962136239406139;0.9863422720109327;0.09067945112978983;0.5419639281881784;0.08642857142857152;0.08642857142857152;-1;111111111111111111111111111111111111111111111111111111111100000000000000000000000000000000000000000000000000000000000000000000000000000000000000000000000000000000000000000000000000000000000000000000000000000000000000000000000000000000000000000000000000000000000000000000000000000000000000000000000000000000011101010101111001001101011010011010001110010000000000000000000000000000000000000000000000000000000000000000000000000000000000000000000000000000101101000111010010001110010100000110000000000001000000011000000000000000000000000000000000000000000000000000000000000000000000000000000000000000000000000000000000000000000000000000000000000000000000000000000000000000000000000000000000000000000000000000000000000000000000000000000000000000000000000000111111111111111111111111111111111111111111111111111111111000000000000000000000000000000000000000000000000000000000000000000000000000000000000000000000-0020406080a0ccdefg0jkl0nop0rstjlnprtnnnnnnpppppprrssNOPQ---------------------------------------------------------------------------------------------000000000000000000000000000000000000000000000000000000000000000000000000000000000000000000000000000000000000000000000000000000000000000000000000000000------------------------------------------------------------------------------------------------------------------------------------------------------
_SEEDS_111111111111111111111111111111111111111111111111111111111000000000000000000000000000000000000000000000000000000000000000000000000000000000000000000000000000000000000000000000000000000000000000000000000000000000000000000000000000000000000000000000000000000000000000000000000000000000000000000000000000000101010101000110000000000000011111100000000000000000000000000000000000000000000000000000000000000000000000000000000000000000000000000000000000000000000000000000000000000000000000000000000000000000000000000000000000000000000000000000000000000000000000000000000000000000000000000000000000000000000000000000000000000000000000000000000000000000000000000000000000000000000000000000000000000000000000000000000000000000000000000000000000000000000000000000111111111111111111111111111111111111111111111111111111111000000000000000000000000000000000000000000000000000000000000000000000000000000000000000000000-0020406080a0ccdefg0jkl0nop0rstjlnprtnnnnnnpppppprrssNOPQ---------------------------------------------------------------------------------------------000000000000000000000000000000000000000000000000000000000000000000000000000000000000000000000000000000000000000000000000000000000000000000000000000000------------------------------------------------------------------------------------------------------------------------------------------------------;1.0;0.09609126984126959;0.06361673414304991;0.9562339311089584;0.9835515943559497;0.08552178925815683;0.5308358864512308;0.09609126984126959;0.09609126984126959;-1;111110111111111111111111111111111111111111110111111111111000000000000000000000000000000000000000000000000000000000000000000000000000000000000000000000000000000000000000000000000000000000000000000000000000000000000000000000000000000000000000000000000000000000000000000000000000000000000000000000000000011100110001011111001001010100000110101000011111100000101000000000000000000000000000000000000000000000000000000000000000000000000000000000000000000000100011000000000000100000000010011100001100000000010010001000000000000000000000000000000000000000000000000000000000000000000000000000000000000000000000000000000000000000000000000000000000000000000000000000000000000000000000000000000000000000000000000000000000000000000000000000000000000000000000000000111111111111111111111111111111111111111111111111111111111000000000000000000000000000000000000000000000000000000000000000000000000000000000000000000000-0020406080a0ccdefg0jkl0nop0rstjlnprtnnnnnnpppppprrssNOPQ---------------------------------------------------------------------------------------------000000000000000000000000000000000000000000000000000000000000000000000000000000000000000000000000000000000000000000000000000000000000000000000000000000------------------------------------------------------------------------------------------------------------------------------------------------------
_SEEDS_111111111111111111111111111111111111111111111111111111111000000000000000000000000000000000000000000000000000000000000000000000000000000000000000000000000000000000000000000000000000000000000000000000000000000000000000000000000000000000000000000000000000000000000000000000000000000000000000000000000000000101010101000110000000000000011111100000000000000000000000000000000000000000000000000000000000000000000000000000000000000000000000000000000000000000000000000000000000000000000000000000000000000000000000000000000000000000000000000000000000000000000000000000000000000000000000000000000000000000000000000000000000000000000000000000000000000000000000000000000000000000000000000000000000000000000000000000000000000000000000000000000000000000000000000000111111111111111111111111111111111111111111111111111111111000000000000000000000000000000000000000000000000000000000000000000000000000000000000000000000-0020406080a0ccdefg0jkl0nop0rstjlnprtnnnnnnpppppprrssNOPQ---------------------------------------------------------------------------------------------000000000000000000000000000000000000000000000000000000000000000000000000000000000000000000000000000000000000000000000000000000000000000000000000000000------------------------------------------------------------------------------------------------------------------------------------------------------;1.0;0.11763888888888874;0.15441377656739763;0.9649260734489603;0.9782727678594656;0.09489937689335924;0.5516918139430119;0.11763888888888874;0.11763888888888874;-1;111111111111111111111111111111111111011111011111011111111000000000000000000000000000000000000000000000000000000000000000000000000000000000000000000000000000000000000000000000000000000000000000000000000000000000000000000000000000000000000000000000000000000000000000000000000000000000000000000000000000101110111001000001100001001000100001000001110100110111000000000000000000000000000000000000000000000000000000000000000000000000000000000000000000000000010000000000000010100001010100011000100000000010100000000000000000000000000000000000000000000000000000000000000000000000000000000000000000000000000000000000000000000000000000000000000000000000000000000000000000000000000000000000000000000000000000000000000000000000000000000000000000000000000000000000111111111111111111111111111111111111111111111111111111111000000000000000000000000000000000000000000000000000000000000000000000000000000000000000000000-0020406080a0ccdefg0jkl0nop0rstjlnprtnnnnnnpppppprrssNOPQ---------------------------------------------------------------------------------------------000000000000000000000000000000000000000000000000000000000000000000000000000000000000000000000000000000000000000000000000000000000000000000000000000000------------------------------------------------------------------------------------------------------------------------------------------------------
_SEEDS_111111111111111111111111111111111111111111111111111111111000000000000000000000000000000000000000000000000000000000000000000000000000000000000000000000000000000000000000000000000000000000000000000000000000000000000000000000000000000000000000000000000000000000000000000000000000000000000000000000000000000101010101000110000000000000011111100000000000000000000000000000000000000000000000000000000000000000000000000000000000000000000000000000000000000000000000000000000000000000000000000000000000000000000000000000000000000000000000000000000000000000000000000000000000000000000000000000000000000000000000000000000000000000000000000000000000000000000000000000000000000000000000000000000000000000000000000000000000000000000000000000000000000000000000000000111111111111111111111111111111111111111111111111111111111000000000000000000000000000000000000000000000000000000000000000000000000000000000000000000000-0020406080a0ccdefg0jkl0nop0rstjlnprtnnnnnnpppppprrssNOPQ---------------------------------------------------------------------------------------------000000000000000000000000000000000000000000000000000000000000000000000000000000000000000000000000000000000000000000000000000000000000000000000000000000------------------------------------------------------------------------------------------------------------------------------------------------------;1.0;0.08952380952380956;0.05495343270371933;0.9615826392162299;0.9808850434398869;0.07973024889768524;0.5277791956302219;0.08952380952380956;0.08952380952380956;-1;111111111111111111111111111111111111111111111111111111111000000000000000000000000000000000000000000000000000000000000000000000000000000000000000000000000000000000000000000000000000000000000000000000000000000000000000000000000000000000000000000000000000000000000000000000000000000000000000000000000000010011110001100000110011101111100101001101111011000011010000000000000000000000000000000000000000000000000000000000000000000000000000000000000000000000000010000001000101001000011000001000110010000101000100000000000000000000000000000000000000000000000000000000000000000000000000000000000000000000000000000000000000000000000000000000000000000000000000000000000000000000000000000000000000000000000000000000000000000000000000000000000000000000000000000000111111111111111111111111111111111111111111111111111111111000000000000000000000000000000000000000000000000000000000000000000000000000000000000000000000-0020406080a0ccdefg0jkl0nop0rstjlnprtnnnnnnpppppprrssNOPQ---------------------------------------------------------------------------------------------000000000000000000000000000000000000000000000000000000000000000000000000000000000000000000000000000000000000000000000000000000000000000000000000000000------------------------------------------------------------------------------------------------------------------------------------------------------
_SEEDS_111111111111111111111111111111111111111111111111111111111000000000000000000000000000000000000000000000000000000000000000000000000000000000000000000000000000000000000000000000000000000000000000000000000000000000000000000000000000000000000000000000000000000000000000000000000000000000000000000000000000000101010101000110000000000000011111100000000000000000000000000000000000000000000000000000000000000000000000000000000000000000000000000000000000000000000000000000000000000000000000000000000000000000000000000000000000000000000000000000000000000000000000000000000000000000000000000000000000000000000000000000000000000000000000000000000000000000000000000000000000000000000000000000000000000000000000000000000000000000000000000000000000000000000000000000111111111111111111111111111111111111111111111111111111111000000000000000000000000000000000000000000000000000000000000000000000000000000000000000000000-0020406080a0ccdefg0jkl0nop0rstjlnprtnnnnnnpppppprrssNOPQ---------------------------------------------------------------------------------------------000000000000000000000000000000000000000000000000000000000000000000000000000000000000000000000000000000000000000000000000000000000000000000000000000000------------------------------------------------------------------------------------------------------------------------------------------------------;1.0;0.0942857142857143;0.02642487046632125;0.9567560234268158;0.9831928683293807;0.07478845876521431;0.5225746558789077;0.0942857142857143;0.0942857142857143;-1;111111111111111111111111111111101111111111111111111111111000000000000000000000000000000000000000000000000000000000000000000000000000000000000000000000000000000000000000000000000000000000000000000000000000000000000000000000000000000000000000000000000000000000000000000000000000000000000000000000000000101101011001010110110000010000110111100010011100100010000000000000000000000000000000000000000000000000000000000000000000000000000000000000000000000000100100000100000000100000110000001000101101000001000000001000000000000000000000000000000000000000000000000000000000000000000000000000000000000000000000000000000000000000000000000000000000000000000000000000000000000000000000000000000000000000000000000000000000000000000000000000000000000000000000000000111111111111111111111111111111111111111111111111111111111000000000000000000000000000000000000000000000000000000000000000000000000000000000000000000000-0020406080a0ccdefg0jkl0nop0rstjlnprtnnnnnnpppppprrssNOPQ---------------------------------------------------------------------------------------------000000000000000000000000000000000000000000000000000000000000000000000000000000000000000000000000000000000000000000000000000000000000000000000000000000------------------------------------------------------------------------------------------------------------------------------------------------------
_SEEDS_111111111111111111111111111111111111111111111111111111111000000000000000000000000000000000000000000000000000000000000000000000000000000000000000000000000000000000000000000000000000000000000000000000000000000000000000000000000000000000000000000000000000000000000000000000000000000000000000000000000000000101010101000110000000000000011111100000000000000000000000000000000000000000000000000000000000000000000000000000000000000000000000000000000000000000000000000000000000000000000000000000000000000000000000000000000000000000000000000000000000000000000000000000000000000000000000000000000000000000000000000000000000000000000000000000000000000000000000000000000000000000000000000000000000000000000000000000000000000000000000000000000000000000000000000000111111111111111111111111111111111111111111111111111111111000000000000000000000000000000000000000000000000000000000000000000000000000000000000000000000-0020406080a0ccdefg0jkl0nop0rstjlnprtnnnnnnpppppprrssNOPQ---------------------------------------------------------------------------------------------000000000000000000000000000000000000000000000000000000000000000000000000000000000000000000000000000000000000000000000000000000000000000000000000000000------------------------------------------------------------------------------------------------------------------------------------------------------;1.0;0.12111111111111117;0.09025522404083586;0.9778502245816547;0.9873377027953287;0.08154415746438495;0.5430164033322192;0.12111111111111117;0.12111111111111117;-1;111111111111111111111111111111111111111111111111101111111000000000000000000000000000000000000000000000000000000000000000000000000000000000000000000000000000000000000000000000000000000000000000000000000000000000000000000000000000000000000000000000000000000000000000000000000000000000000000000000000000100010010010101000001010101101101000010110101011110110101000000000000000000000000000000000000000000000000000000000000000000000000000000000000000000000001000001100010000010001000000011000100001000100001000000000000000000000000000000000000000000000000000000000000000000000000000000000000000000000000000000000000000000000000000000000000000000000000000000000000000000000000000000000000000000000000000000000000000000000000000000000000000000000000000000000111111111111111111111111111111111111111111111111111111111000000000000000000000000000000000000000000000000000000000000000000000000000000000000000000000-0020406080a0ccdefg0jkl0nop0rstjlnprtnnnnnnpppppprrssNOPQ---------------------------------------------------------------------------------------------000000000000000000000000000000000000000000000000000000000000000000000000000000000000000000000000000000000000000000000000000000000000000000000000000000------------------------------------------------------------------------------------------------------------------------------------------------------
_SEEDS_111111111111111111111111111111111111111111111111111111111000000000000000000000000000000000000000000000000000000000000000000000000000000000000000000000000000000000000000000000000000000000000000000000000000000000000000000000000000000000000000000000000000000000000000000000000000000000000000000000000000000101010101000110000000000000011111100000000000000000000000000000000000000000000000000000000000000000000000000000000000000000000000000000000000000000000000000000000000000000000000000000000000000000000000000000000000000000000000000000000000000000000000000000000000000000000000000000000000000000000000000000000000000000000000000000000000000000000000000000000000000000000000000000000000000000000000000000000000000000000000000000000000000000000000000000111111111111111111111111111111111111111111111111111111111000000000000000000000000000000000000000000000000000000000000000000000000000000000000000000000-0020406080a0ccdefg0jkl0nop0rstjlnprtnnnnnnpppppprrssNOPQ---------------------------------------------------------------------------------------------000000000000000000000000000000000000000000000000000000000000000000000000000000000000000000000000000000000000000000000000000000000000000000000000000000------------------------------------------------------------------------------------------------------------------------------------------------------;1.0;0.10972222222222217;0.12121549699323864;0.9603542273782522;0.9813284737630729;0.07934686749017265;0.5419945479744931;0.10972222222222217;0.10972222222222217;-1;101111111111111111111111111111111111111111111111111111111100000000000000000000000000000000000000000000000000000000000000000000000000000000000000000000000000000000000000000000000000000000000000000000000000000000000000000000000000000000000000000000000000000000000000000000000000000000000000000000000000101000100100101010010001100100001101001010001011100011101000000000000000000000000000000000000000000000000000000000000000000000000000000000000000000000010001110000000000110110001001010000000001000110000000000000000000000000000000000000000000000000000000000000000000000000000000000000000000000000000000000000000000000000000000000000000000000000000000000000000000000000000000000000000000000000000000000000000000000000000000000000000000000000000000000000111111111111111111111111111111111111111111111111111111111000000000000000000000000000000000000000000000000000000000000000000000000000000000000000000000-0020406080a0ccdefg0jkl0nop0rstjlnprtnnnnnnpppppprrssNOPQ---------------------------------------------------------------------------------------------000000000000000000000000000000000000000000000000000000000000000000000000000000000000000000000000000000000000000000000000000000000000000000000000000000------------------------------------------------------------------------------------------------------------------------------------------------------
_SEEDS_111111111111111111111111111111111111111111111111111111111000000000000000000000000000000000000000000000000000000000000000000000000000000000000000000000000000000000000000000000000000000000000000000000000000000000000000000000000000000000000000000000000000000000000000000000000000000000000000000000000000000101010101000110000000000000011111100000000000000000000000000000000000000000000000000000000000000000000000000000000000000000000000000000000000000000000000000000000000000000000000000000000000000000000000000000000000000000000000000000000000000000000000000000000000000000000000000000000000000000000000000000000000000000000000000000000000000000000000000000000000000000000000000000000000000000000000000000000000000000000000000000000000000000000000000000111111111111111111111111111111111111111111111111111111111000000000000000000000000000000000000000000000000000000000000000000000000000000000000000000000-0020406080a0ccdefg0jkl0nop0rstjlnprtnnnnnnpppppprrssNOPQ---------------------------------------------------------------------------------------------000000000000000000000000000000000000000000000000000000000000000000000000000000000000000000000000000000000000000000000000000000000000000000000000000000------------------------------------------------------------------------------------------------------------------------------------------------------;1.0;0.11509920634920623;0.1257363723723509;0.9543084251395041;0.9735681418866126;0.10169200691656616;0.5450673587773733;0.11509920634920623;0.11509920634920623;-1;011111111111111111111111111111111111111111111111001111111000000000000000000000000000000000000000000000000000000000000000000000000000000000000000000000000000000000000000000000000000000000000000000000000000000000000000000000000000000000000000000000000000000000000000000000000000000000000000000000000000101001101110101100001001101001001110110011110010010011101000000000000000000000000000000000000000000000000000000000000000000000000000000000000000000000000110110001000001100010010000000000000000000000101000000000000000000000000000000000000000000000000000000000000000000000000000000000000000000000000000000000000000000000000000000000000000000000000000000000000000000000000000000000000000000000000000000000000000000000000000000000000000000000000000000000111111111111111111111111111111111111111111111111111111111000000000000000000000000000000000000000000000000000000000000000000000000000000000000000000000-0020406080a0ccdefg0jkl0nop0rstjlnprtnnnnnnpppppprrssNOPQ---------------------------------------------------------------------------------------------000000000000000000000000000000000000000000000000000000000000000000000000000000000000000000000000000000000000000000000000000000000000000000000000000000------------------------------------------------------------------------------------------------------------------------------------------------------
_SEEDS_111111111111111111111111111111111111111111111111111111111000000000000000000000000000000000000000000000000000000000000000000000000000000000000000000000000000000000000000000000000000000000000000000000000000000000000000000000000000000000000000000000000000000000000000000000000000000000000000000000000000000101010101000110000000000000011111100000000000000000000000000000000000000000000000000000000000000000000000000000000000000000000000000000000000000000000000000000000000000000000000000000000000000000000000000000000000000000000000000000000000000000000000000000000000000000000000000000000000000000000000000000000000000000000000000000000000000000000000000000000000000000000000000000000000000000000000000000000000000000000000000000000000000000000000000000111111111111111111111111111111111111111111111111111111111000000000000000000000000000000000000000000000000000000000000000000000000000000000000000000000-0020406080a0ccdefg0jkl0nop0rstjlnprtnnnnnnpppppprrssNOPQ---------------------------------------------------------------------------------------------000000000000000000000000000000000000000000000000000000000000000000000000000000000000000000000000000000000000000000000000000000000000000000000000000000------------------------------------------------------------------------------------------------------------------------------------------------------;1.0;0.09501984126984153;0.13162138635441456;0.954657195610138;0.9784142055573751;0.0767544848780492;0.5394111856116364;0.09501984126984153;0.09501984126984153;-1;111111111111111111111111111111111111111111111111111111111000000000000000000000000000000000000000000000000000000000000000000000000000000000000000000000000000000000000000000000000000000000000000000000000000000000000000000000000000000000000000000000000000000000000000000000000000000000000000000000000000000000000110001101000011100110110111100100000100000011010000000000000000000000000000000000000000000000000000000000000000000000000000000000000000000000110100110010000100011000000100000000111000101000100100100000000000000000000000000000000000000000000000000000000000000000000000000000000000000000000000000000000000000000000000000000000000000000000000000000000000000000000000000000000000000000000000000000000000000000000000000000000000000000000000000000111111111111111111111111111111111111111111111111111111111000000000000000000000000000000000000000000000000000000000000000000000000000000000000000000000-0020406080a0ccdefg0jkl0nop0rstjlnprtnnnnnnpppppprrssNOPQ---------------------------------------------------------------------------------------------000000000000000000000000000000000000000000000000000000000000000000000000000000000000000000000000000000000000000000000000000000000000000000000000000000------------------------------------------------------------------------------------------------------------------------------------------------------
_SEEDS_111111111111111111111111111111111111111111111111111111111000000000000000000000000000000000000000000000000000000000000000000000000000000000000000000000000000000000000000000000000000000000000000000000000000000000000000000000000000000000000000000000000000000000000000000000000000000000000000000000000000000101010101000110000000000000011111100000000000000000000000000000000000000000000000000000000000000000000000000000000000000000000000000000000000000000000000000000000000000000000000000000000000000000000000000000000000000000000000000000000000000000000000000000000000000000000000000000000000000000000000000000000000000000000000000000000000000000000000000000000000000000000000000000000000000000000000000000000000000000000000000000000000000000000000000000111111111111111111111111111111111111111111111111111111111000000000000000000000000000000000000000000000000000000000000000000000000000000000000000000000-0020406080a0ccdefg0jkl0nop0rstjlnprtnnnnnnpppppprrssNOPQ---------------------------------------------------------------------------------------------000000000000000000000000000000000000000000000000000000000000000000000000000000000000000000000000000000000000000000000000000000000000000000000000000000------------------------------------------------------------------------------------------------------------------------------------------------------;1.0;0.09859126984126987;0.13901691650567227;0.9591573091890236;0.9832188747146358;0.08448347753401755;0.5440779746307699;0.09859126984126987;0.09859126984126987;-1;111111111111111111111111101111111111111111111111111111111100000000000000000000000000000000000000000000000000000000000000000000000000000000000000000000000000000000000000000000000000000000000000000000000000000000000000000000000000000000000000000000000000000000000000000000000000000000000000000000000000101010111011000101001001011001010001010001000000011001100000000000000000000000000000000000000000000000000000000000000000000000000000000000000000000000011000000100010000000000010000000010100000010000000000010000000000000000000000000000000000000000000000000000000000000000000000000000000000000000000000000000000000000000000000000000000000000000000000000000000000000000000000000000000000000000000000000000000000000000000000000000000000000000000000000000111111111111111111111111111111111111111111111111111111111000000000000000000000000000000000000000000000000000000000000000000000000000000000000000000000-0020406080a0ccdefg0jkl0nop0rstjlnprtnnnnnnpppppprrssNOPQ---------------------------------------------------------------------------------------------000000000000000000000000000000000000000000000000000000000000000000000000000000000000000000000000000000000000000000000000000000000000000000000000000000------------------------------------------------------------------------------------------------------------------------------------------------------
_SEEDS_111111111111111111111111111111111111111111111111111111111000000000000000000000000000000000000000000000000000000000000000000000000000000000000000000000000000000000000000000000000000000000000000000000000000000000000000000000000000000000000000000000000000000000000000000000000000000000000000000000000000000101010101000110000000000000011111100000000000000000000000000000000000000000000000000000000000000000000000000000000000000000000000000000000000000000000000000000000000000000000000000000000000000000000000000000000000000000000000000000000000000000000000000000000000000000000000000000000000000000000000000000000000000000000000000000000000000000000000000000000000000000000000000000000000000000000000000000000000000000000000000000000000000000000000000000111111111111111111111111111111111111111111111111111111111000000000000000000000000000000000000000000000000000000000000000000000000000000000000000000000-0020406080a0ccdefg0jkl0nop0rstjlnprtnnnnnnpppppprrssNOPQ---------------------------------------------------------------------------------------------000000000000000000000000000000000000000000000000000000000000000000000000000000000000000000000000000000000000000000000000000000000000000000000000000000------------------------------------------------------------------------------------------------------------------------------------------------------;1.0;0.10291666666666688;0.056676003734827285;0.9669596210332775;0.9840354043725226;0.06753703088374349;0.5296874544485063;0.10291666666666688;0.10291666666666688;-1;111111111111111111111111111111111111111111111111111111111000000000000000000000000000000000000000000000000000000000000000000000000000000000000000000000000000000000000000000000000000000000000000000000000000000000000000000000000000000000000000000000000000000000000000000000000000000000000000000000000000010000100110101100001010001100001011111101101100001100111000000000000000000000000000000000000000000000000000000000000000000000000000000000000000000000000011001011010000000000010000000000000000000001100010000000000000000000000000000000000000000000000000000000000000000000000000000000000000000000000000000000000000000000000000000000000000000000000000000000000000000000000000000000000000000000000000000000000000000000000000000000000000000000000000000000111111111111111111111111111111111111111111111111111111111000000000000000000000000000000000000000000000000000000000000000000000000000000000000000000000-0020406080a0ccdefg0jkl0nop0rstjlnprtnnnnnnpppppprrssNOPQ---------------------------------------------------------------------------------------------000000000000000000000000000000000000000000000000000000000000000000000000000000000000000000000000000000000000000000000000000000000000000000000000000000------------------------------------------------------------------------------------------------------------------------------------------------------
_SEEDS_111111111111111111111111111111111111111111111111111111111000000000000000000000000000000000000000000000000000000000000000000000000000000000000000000000000000000000000000000000000000000000000000000000000000000000000000000000000000000000000000000000000000000000000000000000000000000000000000000000000000000101010101000110000000000000011111100000000000000000000000000000000000000000000000000000000000000000000000000000000000000000000000000000000000000000000000000000000000000000000000000000000000000000000000000000000000000000000000000000000000000000000000000000000000000000000000000000000000000000000000000000000000000000000000000000000000000000000000000000000000000000000000000000000000000000000000000000000000000000000000000000000000000000000000000000111111111111111111111111111111111111111111111111111111111000000000000000000000000000000000000000000000000000000000000000000000000000000000000000000000-0020406080a0ccdefg0jkl0nop0rstjlnprtnnnnnnpppppprrssNOPQ---------------------------------------------------------------------------------------------000000000000000000000000000000000000000000000000000000000000000000000000000000000000000000000000000000000000000000000000000000000000000000000000000000------------------------------------------------------------------------------------------------------------------------------------------------------;1.0;0.09736111111111123;0.020000000000000018;0.9519352829448036;0.9777327479615581;0.07499870476408228;0.5203379744635924;0.09736111111111123;0.09736111111111123;-1;111111111011111111111111111111111111111101111111111111111100000000000000000000000000000000000000000000000000000000000000000000000000000000000000000000000000000000000000000000000000000000000000000000000000000000000000000000000000000000000000000000000000000000000000000000000000000000000000000000000000100010000110001110100001101011110010101000101101000010011000000000000000000000000000000000000000000000000000000000000000000000000000000000000000000000001010000000110000001100011000001001000010101010100110000000000000000000000000000000000000000000000000000000000000000000000000000000000000000000000000000000000000000000000000000000000000000000000000000000000000000000000000000000000000000000000000000000000000000000000000000000000000000000000000000000111111111111111111111111111111111111111111111111111111111000000000000000000000000000000000000000000000000000000000000000000000000000000000000000000000-0020406080a0ccdefg0jkl0nop0rstjlnprtnnnnnnpppppprrssNOPQ---------------------------------------------------------------------------------------------000000000000000000000000000000000000000000000000000000000000000000000000000000000000000000000000000000000000000000000000000000000000000000000000000000------------------------------------------------------------------------------------------------------------------------------------------------------
_SEEDS_111111111111111111111111111111111111111111111111111111111000000000000000000000000000000000000000000000000000000000000000000000000000000000000000000000000000000000000000000000000000000000000000000000000000000000000000000000000000000000000000000000000000000000000000000000000000000000000000000000000000000101010101000110000000000000011111100000000000000000000000000000000000000000000000000000000000000000000000000000000000000000000000000000000000000000000000000000000000000000000000000000000000000000000000000000000000000000000000000000000000000000000000000000000000000000000000000000000000000000000000000000000000000000000000000000000000000000000000000000000000000000000000000000000000000000000000000000000000000000000000000000000000000000000000000000111111111111111111111111111111111111111111111111111111111000000000000000000000000000000000000000000000000000000000000000000000000000000000000000000000-0020406080a0ccdefg0jkl0nop0rstjlnprtnnnnnnpppppprrssNOPQ---------------------------------------------------------------------------------------------000000000000000000000000000000000000000000000000000000000000000000000000000000000000000000000000000000000000000000000000000000000000000000000000000000------------------------------------------------------------------------------------------------------------------------------------------------------;1.0;0.10579365079365088;0.054136312125627195;0.9700753857175355;0.9822503816861442;0.08849317973384281;0.5334581516761333;0.10579365079365088;0.10579365079365088;-1;111111111111111111111111111111111111101111111111111101111000000000000000000000000000000000000000000000000000000000000000000000000000000000000000000000000000000000000000000000000000000000000000000000000000000000000000000000000000000000000000000000000000000000000000000000000000000000000000000000000000101001000101010011101101110001000010110001000010000101111000000000000000000000000000000000000000000000000000000000000000000000000000000000000000000000000010010001000000000000111001100100000010000000111010000000000000000000000000000000000000000000000000000000000000000000000000000000000000000000000000000000000000000000000000000000000000000000000000000000000000000000000000000000000000000000000000000000000000000000000000000000000000000000000000000000111111111111111111111111111111111111111111111111111111111000000000000000000000000000000000000000000000000000000000000000000000000000000000000000000000-0020406080a0ccdefg0jkl0nop0rstjlnprtnnnnnnpppppprrssNOPQ---------------------------------------------------------------------------------------------000000000000000000000000000000000000000000000000000000000000000000000000000000000000000000000000000000000000000000000000000000000000000000000000000000------------------------------------------------------------------------------------------------------------------------------------------------------
_SEEDS_111111111111111111111111111111111111111111111111111111111000000000000000000000000000000000000000000000000000000000000000000000000000000000000000000000000000000000000000000000000000000000000000000000000000000000000000000000000000000000000000000000000000000000000000000000000000000000000000000000000000000101010101000110000000000000011111100000000000000000000000000000000000000000000000000000000000000000000000000000000000000000000000000000000000000000000000000000000000000000000000000000000000000000000000000000000000000000000000000000000000000000000000000000000000000000000000000000000000000000000000000000000000000000000000000000000000000000000000000000000000000000000000000000000000000000000000000000000000000000000000000000000000000000000000000000111111111111111111111111111111111111111111111111111111111000000000000000000000000000000000000000000000000000000000000000000000000000000000000000000000-0020406080a0ccdefg0jkl0nop0rstjlnprtnnnnnnpppppprrssNOPQ---------------------------------------------------------------------------------------------000000000000000000000000000000000000000000000000000000000000000000000000000000000000000000000000000000000000000000000000000000000000000000000000000000------------------------------------------------------------------------------------------------------------------------------------------------------;1.0;0.09273809523809529;0.05236805555555557;0.9648509884513965;0.9848286412135083;0.071911455783829;0.5277828727070641;0.09273809523809529;0.09273809523809529;-1;111111111111111111111111111111111111111111111111111111111000000000000000000000000000000000000000000000000000000000000000000000000000000000000000000000000000000000000000000000000000000000000000000000000000000000000000000000000000000000000000000000000000000000000000000000000000000000000000000000000000101000011011010000010111100010100100100101001010101101001000000000000000000000000000000000000000000000000000000000000000000000000000000000000000000000010001100100101010000000010101001111100010010100001010000000000000000000000000000000000000000000000000000000000000000000000000000000000000000000000000000000000000000000000000000000000000000000000000000000000000000000000000000000000000000000000000000000000000000000000000000000000000000000000000000000111111111111111111111111111111111111111111111111111111111000000000000000000000000000000000000000000000000000000000000000000000000000000000000000000000-0020406080a0ccdefg0jkl0nop0rstjlnprtnnnnnnpppppprrssNOPQ---------------------------------------------------------------------------------------------000000000000000000000000000000000000000000000000000000000000000000000000000000000000000000000000000000000000000000000000000000000000000000000000000000------------------------------------------------------------------------------------------------------------------------------------------------------
_SEEDS_111111111111111111111111111111111111111111111111111111111000000000000000000000000000000000000000000000000000000000000000000000000000000000000000000000000000000000000000000000000000000000000000000000000000000000000000000000000000000000000000000000000000000000000000000000000000000000000000000000000000000101010101000110000000000000011111100000000000000000000000000000000000000000000000000000000000000000000000000000000000000000000000000000000000000000000000000000000000000000000000000000000000000000000000000000000000000000000000000000000000000000000000000000000000000000000000000000000000000000000000000000000000000000000000000000000000000000000000000000000000000000000000000000000000000000000000000000000000000000000000000000000000000000000000000000111111111111111111111111111111111111111111111111111111111000000000000000000000000000000000000000000000000000000000000000000000000000000000000000000000-0020406080a0ccdefg0jkl0nop0rstjlnprtnnnnnnpppppprrssNOPQ---------------------------------------------------------------------------------------------000000000000000000000000000000000000000000000000000000000000000000000000000000000000000000000000000000000000000000000000000000000000000000000000000000------------------------------------------------------------------------------------------------------------------------------------------------------;1.0;0.09825396825396815;0.07403102303723419;0.9601184035518594;0.9822105811235378;0.08967853006629407;0.5340487510054822;0.09825396825396815;0.09825396825396815;-1;111111111111111111111111111110111111111111111111111111111100000000000000000000000000000000000000000000000000000000000000000000000000000000000000000000000000000000000000000000000000000000000000000000000000000000000000000000000000000000000000000000000000000000000000000000000000000000000000000000000000001000010000010101101001101001000010001111101000100101010000000000000000000000000000000000000000000000000000000000000000000000000000000000000000000000011010010101001000001100001000010100100000010100000001000000000000000000000000000000000000000000000000000000000000000000000000000000000000000000000000000000000000000000000000000000000000000000000000000000000000000000000000000000000000000000000000000000000000000000000000000000000000000000000000000000111111111111111111111111111111111111111111111111111111111000000000000000000000000000000000000000000000000000000000000000000000000000000000000000000000-0020406080a0ccdefg0jkl0nop0rstjlnprtnnnnnnpppppprrssNOPQ---------------------------------------------------------------------------------------------000000000000000000000000000000000000000000000000000000000000000000000000000000000000000000000000000000000000000000000000000000000000000000000000000000------------------------------------------------------------------------------------------------------------------------------------------------------
_SEEDS_111111111111111111111111111111111111111111111111111111111000000000000000000000000000000000000000000000000000000000000000000000000000000000000000000000000000000000000000000000000000000000000000000000000000000000000000000000000000000000000000000000000000000000000000000000000000000000000000000000000000000101010101000110000000000000011111100000000000000000000000000000000000000000000000000000000000000000000000000000000000000000000000000000000000000000000000000000000000000000000000000000000000000000000000000000000000000000000000000000000000000000000000000000000000000000000000000000000000000000000000000000000000000000000000000000000000000000000000000000000000000000000000000000000000000000000000000000000000000000000000000000000000000000000000000000111111111111111111111111111111111111111111111111111111111000000000000000000000000000000000000000000000000000000000000000000000000000000000000000000000-0020406080a0ccdefg0jkl0nop0rstjlnprtnnnnnnpppppprrssNOPQ---------------------------------------------------------------------------------------------000000000000000000000000000000000000000000000000000000000000000000000000000000000000000000000000000000000000000000000000000000000000000000000000000000------------------------------------------------------------------------------------------------------------------------------------------------------;1.0;0.09966269841269848;0.08890006660006666;0.9591678468248408;0.9820554706078886;0.08844312583868982;0.5363715347140308;0.09966269841269848;0.09966269841269848;-1;111111111111110111111111111111111111111111011110111111111000000000000000000000000000000000000000000000000000000000000000000000000000000000000000000000000000000000000000000000000000000000000000000000000000000000000000000000000000000000000000000000000000000000000000000000000000000000000000000000000000111111101111011101111110011011010100010010110100010100001000000000000000000000000000000000000000000000000000000000000000000000000000000000000000000000000000000000000000000100000101001000000000100011000010000000000000000000000000000000000000000000000000000000000000000000000000000000000000000000000000000000000000000000000000000000000000000000000000000000000000000000000000000000000000000000000000000000000000000000000000000000000000000000000000000000111111111111111111111111111111111111111111111111111111111000000000000000000000000000000000000000000000000000000000000000000000000000000000000000000000-0020406080a0ccdefg0jkl0nop0rstjlnprtnnnnnnpppppprrssNOPQ---------------------------------------------------------------------------------------------000000000000000000000000000000000000000000000000000000000000000000000000000000000000000000000000000000000000000000000000000000000000000000000000000000------------------------------------------------------------------------------------------------------------------------------------------------------
_SEEDS_111111111111111111111111111111111111111111111111111111111000000000000000000000000000000000000000000000000000000000000000000000000000000000000000000000000000000000000000000000000000000000000000000000000000000000000000000000000000000000000000000000000000000000000000000000000000000000000000000000000000000101010101000110000000000000011111100000000000000000000000000000000000000000000000000000000000000000000000000000000000000000000000000000000000000000000000000000000000000000000000000000000000000000000000000000000000000000000000000000000000000000000000000000000000000000000000000000000000000000000000000000000000000000000000000000000000000000000000000000000000000000000000000000000000000000000000000000000000000000000000000000000000000000000000000000111111111111111111111111111111111111111111111111111111111000000000000000000000000000000000000000000000000000000000000000000000000000000000000000000000-0020406080a0ccdefg0jkl0nop0rstjlnprtnnnnnnpppppprrssNOPQ---------------------------------------------------------------------------------------------000000000000000000000000000000000000000000000000000000000000000000000000000000000000000000000000000000000000000000000000000000000000000000000000000000------------------------------------------------------------------------------------------------------------------------------------------------------;1.0;0.09835317460317461;0.12631863834649382;0.9685901070517616;0.9865303997943154;0.09258004416771422;0.5453953939939099;0.09835317460317461;0.09835317460317461;-1;111111111111111111111111111111111111111111111111111111111000000000000000000000000000000000000000000000000000000000000000000000000000000000000000000000000000000000000000000000000000000000000000000000000000000000000000000000000000000000000000000000000000000000000000000000000000000000000000000000000000100010111001000011111110010000001101011000001010001100001000000000000000000000000000000000000000000000000000000000000000000000000000000000000000000000010000000010000100000001111000001010100000000000000001001000000000000000000000000000000000000000000000000000000000000000000000000000000000000000000000000000000000000000000000000000000000000000000000000000000000000000000000000000000000000000000000000000000000000000000000000000000000000000000000000000111111111111111111111111111111111111111111111111111111111000000000000000000000000000000000000000000000000000000000000000000000000000000000000000000000-0020406080a0ccdefg0jkl0nop0rstjlnprtnnnnnnpppppprrssNOPQ---------------------------------------------------------------------------------------------000000000000000000000000000000000000000000000000000000000000000000000000000000000000000000000000000000000000000000000000000000000000000000000000000000------------------------------------------------------------------------------------------------------------------------------------------------------
_SEEDS_111111111111111111111111111111111111111111111111111111111000000000000000000000000000000000000000000000000000000000000000000000000000000000000000000000000000000000000000000000000000000000000000000000000000000000000000000000000000000000000000000000000000000000000000000000000000000000000000000000000000000101010101000110000000000000011111100000000000000000000000000000000000000000000000000000000000000000000000000000000000000000000000000000000000000000000000000000000000000000000000000000000000000000000000000000000000000000000000000000000000000000000000000000000000000000000000000000000000000000000000000000000000000000000000000000000000000000000000000000000000000000000000000000000000000000000000000000000000000000000000000000000000000000000000000000111111111111111111111111111111111111111111111111111111111000000000000000000000000000000000000000000000000000000000000000000000000000000000000000000000-0020406080a0ccdefg0jkl0nop0rstjlnprtnnnnnnpppppprrssNOPQ---------------------------------------------------------------------------------------------000000000000000000000000000000000000000000000000000000000000000000000000000000000000000000000000000000000000000000000000000000000000000000000000000000------------------------------------------------------------------------------------------------------------------------------------------------------;1.0;0.10156746031746033;0.02346208869814026;0.9513757765879258;0.9735323527838652;0.11565205709800017;0.5275982892475654;0.10156746031746033;0.10156746031746033;-1;110111111111111111111111111111111111111111111101111111110000000000000000000000000000000000000000000000000000000000000000000000000000000000000000000000000000000000000000000000000000000000000000000000000000000000000000000000000000000000000000000000000000000000000000000000000000000000000000000000000000000100111001101000011100000011001110110001001100100101011000000000000000000000000000000000000000000000000000000000000000000000000000000000000000000000001001000100000100000001000110100001000100110010011000000000000000000000000000000000000000000000000000000000000000000000000000000000000000000000000000000000000000000000000000000000000000000000000000000000000000000000000000000000000000000000000000000000000000000000000000000000000000000000000000000000111111111111111111111111111111111111111111111111111111111000000000000000000000000000000000000000000000000000000000000000000000000000000000000000000000-0020406080a0ccdefg0jkl0nop0rstjlnprtnnnnnnpppppprrssNOPQ---------------------------------------------------------------------------------------------000000000000000000000000000000000000000000000000000000000000000000000000000000000000000000000000000000000000000000000000000000000000000000000000000000------------------------------------------------------------------------------------------------------------------------------------------------------
